MSHX1
GROUPS 36
LABEL Tube01
MATERIAL 3
TEXTURE 0
GEOM 265 288 ; Tube01
0.0953863 1.63566 -0.67461 0 -1 0 0 0
0.0953863 1.63566 -0.67461 -0.300921 0 0.953649 0 0
0.137154 2.04223 -0.830489 -0.0333475 0.988035 0.150582 0 0
0.159507 2.04223 -0.913911 0.0730164 -0.970115 -0.231398 0 0
0.159507 2.04223 -0.913911 0 1 0 0 0
0.106051 1.63566 -0.714409 0.216226 0 -0.976343 0 0
0.106051 1.63566 -0.714409 0 -1 0 0 0
0.183513 1.63566 -0.638107 0 -1 0 0 0
0.264202 2.04223 -0.777864 -0.0711853 0.988035 0.136819 0 0
0.307385 2.04223 -0.852658 0.130419 -0.970115 -0.204615 0 0
0.307385 2.04223 -0.852658 0 1 0 0 0
0.204114 1.63566 -0.673789 0 -1 0 0 0
0.25919 1.63566 -0.580038 0 -1 0 0 0
0.25919 1.63566 -0.580038 -0.737427 0 0.675427 0 0
0.373301 2.04223 -0.694149 -0.104171 0.988035 0.113734 0 0
0.43437 2.04223 -0.755218 0.178933 -0.970115 -0.163889 0 0
0.43437 2.04223 -0.755218 0 1 0 0 0
0.288324 1.63566 -0.609173 0.675426 0 -0.737428 0 0
0.288324 1.63566 -0.609173 0 -1 0 0 0
0.317258 1.63566 -0.504362 0 -1 0 0 0
0.317258 1.63566 -0.504362 -0.887116 0 0.461546 0 0
0.457015 2.04223 -0.585051 -0.130058 0.988035 0.0828967 0 0
0.53181 2.04223 -0.628233 0.215253 -0.970115 -0.111993 0 0
0.53181 2.04223 -0.628233 0 1 0 0 0
0.352941 1.63566 -0.524963 0.84327 0 -0.53749 0 0
0.352941 1.63566 -0.524963 0 -1 0 0 0
0.353761 1.63566 -0.416234 0 -1 0 0 0
0.353761 1.63566 -0.416234 -0.976344 0 0.216222 0 0
0.50964 2.04223 -0.458002 -0.147082 0.988035 0.0464103 0 0
0.593063 2.04223 -0.480355 0.236905 -0.970115 -0.0524652 0 0
0.593063 2.04223 -0.480355 0 1 0 0 0
0.393561 1.63566 -0.426898 0.953649 0 -0.30092 0 0
0.393561 1.63566 -0.426898 0 -1 0 0 0
0.366212 1.63566 -0.321662 0 -1 0 0 0
0.366212 1.63566 -0.321662 -0.999038 0 -0.0438433 0 0
0.52759 2.04223 -0.321662 -0.154082 0.988035 0.0067619 0 0
0.613955 2.04223 -0.321662 0.242412 -0.970115 0.0106384 0 0
0.613955 2.04223 -0.321662 0 1 0 0 0
0.407416 1.63566 -0.321662 0.999038 0 -0.0438432 0 0
0.407416 1.63566 -0.321662 0 -1 0 0 0
0.353761 1.63566 -0.22709 0 -1 0 0 0
0.353761 1.63566 -0.22709 -0.95365 0 -0.300917 0 0
0.50964 2.04223 -0.185323 -0.297663 0.952392 -0.0659217 0 0
0.593063 2.04223 -0.16297 0.231398 -0.970115 0.0730164 0 0
0.593063 2.04223 -0.16297 0 1 0 0 0
0.393561 1.63566 -0.216426 0.976343 0 0.216226 0 0
0.393561 1.63566 -0.216426 0 -1 0 0 0
0.317258 1.63566 -0.138963 0 -1 0 0 0
0.317258 1.63566 -0.138963 -0.843273 0 -0.537486 0 0
0.457015 2.04223 -0.0582748 -0.13682 0.988035 -0.0711848 0 0
0.53181 2.04223 -0.0150922 0.204615 -0.970115 0.130419 0 0
0.53181 2.04223 -0.0150922 0 1 0 0 0
0.352941 1.63566 -0.118362 0.887112 0 0.461553 0 0
0.352941 1.63566 -0.118362 0 -1 0 0 0
0.25919 1.63566 -0.0632872 0 -1 0 0 0
0.25919 1.63566 -0.0632872 -0.675424 0 -0.73743 0 0
0.373301 2.04223 0.0508243 -0.113734 0.988035 -0.104171 0 0
0.43437 2.04223 0.111893 0.163889 -0.970115 0.178933 0 0
0.43437 2.04223 0.111893 0 1 0 0 0
0.288325 1.63566 -0.0341525 0.737429 0 0.675424 0 0
0.288325 1.63566 -0.0341525 0 -1 0 0 0
0.183513 1.63566 -0.00521877 0 -1 0 0 0
0.183513 1.63566 -0.00521877 -0.461549 0 -0.887115 0 0
0.264202 2.04223 0.134538 -0.0828964 0.988035 -0.130058 0 0
0.307385 2.04223 0.209333 0.111993 -0.970115 0.215253 0 0
0.307385 2.04223 0.209333 0 1 0 0 0
0.204115 1.63566 0.0304645 0.537489 0 0.843271 0 0
0.204115 1.63566 0.0304645 0 -1 0 0 0
0.0953863 1.63566 0.0312844 0 -1 0 0 0
0.0953863 1.63566 0.0312844 -0.216224 0 -0.976344 0 0
0.137154 2.04223 0.187163 -0.0464109 0.988035 -0.147082 0 0
0.159507 2.04223 0.270586 0.052465 -0.970115 0.236905 0 0
0.159507 2.04223 0.270586 0 1 0 0 0
0.106051 1.63566 0.071084 0.300919 0 0.95365 0 0
0.106051 1.63566 0.071084 0 -1 0 0 0
0.000814468 1.63566 0.0437354 0.0438432 0 -0.999038 0 0
0.000814468 1.63566 0.0437354 0 -1 0 0 0
0.000814471 2.04223 0.205113 -0.00676196 0.988035 -0.154082 0 0
0.000814471 2.04223 0.291478 0 1 0 0 0
0.000814471 2.04223 0.291478 -0.0106381 -0.970115 0.242412 0 0
0.000814468 1.63566 0.0849387 0.0438421 0 0.999038 0 0
0.000814468 1.63566 0.0849387 0 -1 0 0 0
-0.0937575 1.63566 0.0312844 0.300917 0 -0.95365 0 0
-0.0937575 1.63566 0.0312844 0 -1 0 0 0
-0.135525 2.04223 0.187163 0.0333484 0.988035 -0.150582 0 0
-0.157878 2.04223 0.270586 0 1 0 0 0
-0.157878 2.04223 0.270586 -0.0730161 -0.970115 0.231398 0 0
-0.104422 1.63566 0.071084 0 -1 0 0 0
-0.104422 1.63566 0.071084 -0.216223 0 0.976344 0 0
-0.181885 1.63566 -0.00521877 0.537487 0 -0.843272 0 0
-0.181885 1.63566 -0.00521877 0 -1 0 0 0
-0.262573 2.04223 0.134538 0.0711849 0.988035 -0.13682 0 0
-0.305756 2.04223 0.209333 0 1 0 0 0
-0.305756 2.04223 0.209333 -0.130419 -0.970115 0.204615 0 0
-0.202486 1.63566 0.0304645 0 -1 0 0 0
-0.202486 1.63566 0.0304645 -0.461554 0 0.887112 0 0
-0.257561 1.63566 -0.0632872 0.737428 0 -0.675425 0 0
-0.257561 1.63566 -0.0632872 0 -1 0 0 0
-0.391932 1.63566 -0.216426 0 -1 0 0 0
-0.391932 1.63566 -0.216426 -0.953649 0 0.300923 0 0
-0.364583 1.63566 -0.321662 0.999038 0 0.0438432 0 0
-0.364583 1.63566 -0.321662 0 -1 0 0 0
-0.364583 1.99062 -0.321662 0.999038 0 -0.0438432 0 0
-0.364583 1.99062 -0.321662 0.304582 0.952392 0.0133667 0 0
-0.525961 2.04223 -0.321662 0.154082 0.988035 -0.00676198 0 0
-0.612326 2.04223 -0.321662 0 1 0 0 0
-0.612326 2.04223 -0.321662 -0.242412 -0.970115 -0.0106383 0 0
-0.405787 1.99062 -0.321662 -0.242412 -0.970115 0.0106379 0 0
-0.405787 1.99062 -0.321662 -0.999038 0 -0.0438432 0 0
-0.405787 1.63566 -0.321662 0 -1 0 0 0
-0.405787 1.63566 -0.321662 -0.999038 0 0.0438432 0 0
-0.352132 1.63566 -0.416234 0.953651 0 0.300914 0 0
-0.352132 1.63566 -0.416234 0 -1 0 0 0
-0.352132 1.99062 -0.416234 0.976344 0 0.216222 0 0
-0.352132 1.99062 -0.416234 0.290745 0.952392 0.0917423 0 0
-0.508011 2.04223 -0.458002 0.150581 0.988035 0.0333483 0 0
-0.591434 2.04223 -0.480355 0 1 0 0 0
-0.591434 2.04223 -0.480355 -0.231398 -0.970115 -0.073016 0 0
-0.391932 1.99062 -0.426898 -0.236905 -0.970115 -0.0524654 0 0
-0.391932 1.99062 -0.426898 -0.953649 0 -0.30092 0 0
-0.391932 1.63566 -0.426898 0 -1 0 0 0
-0.391932 1.63566 -0.426898 -0.976344 0 -0.216225 0 0
-0.315629 1.63566 -0.504362 0.843274 0 0.537484 0 0
-0.315629 1.63566 -0.504362 0 -1 0 0 0
-0.315629 1.99062 -0.504362 0.887116 0 0.461546 0 0
-0.315629 1.99062 -0.504362 0.257095 0.952392 0.163866 0 0
-0.455386 2.04223 -0.58505 0.13682 0.988035 0.0711847 0 0
-0.530181 2.04223 -0.628233 0 1 0 0 0
-0.530181 2.04223 -0.628233 -0.204615 -0.970115 -0.130419 0 0
-0.351312 1.99062 -0.524963 -0.215253 -0.970115 -0.111993 0 0
-0.351312 1.99062 -0.524963 -0.84327 0 -0.53749 0 0
-0.351312 1.63566 -0.524963 0 -1 0 0 0
-0.351312 1.63566 -0.524963 -0.887113 0 -0.461553 0 0
-0.257561 1.63566 -0.580038 0.675427 7.60693e-007 0.737426 0 0
-0.257561 1.63566 -0.580038 0 -1 0 0 0
-0.257561 1.99062 -0.580038 0.73743 0 0.675423 0 0
-0.257561 1.99062 -0.580038 0.205922 0.952392 0.224824 0 0
-0.371672 2.04223 -0.694149 0.113734 0.988035 0.104171 0 0
-0.432741 2.04223 -0.755218 0 1 0 0 0
-0.432741 2.04223 -0.755218 -0.163888 -0.970115 -0.178933 0 0
-0.286695 1.99062 -0.609173 -0.178932 -0.970115 -0.163889 0 0
-0.286695 1.99062 -0.609173 -0.675426 0 -0.737428 0 0
-0.286695 1.63566 -0.609173 0 -1 0 0 0
-0.286695 1.63566 -0.609173 -0.737427 0 -0.675427 0 0
-0.181885 1.63566 -0.638106 0.46155 1.64654e-006 0.887114 0 0
-0.181885 1.99062 -0.638107 0.537487 1.64654e-006 0.843272 0 0
-0.181885 1.99062 -0.638107 0.140716 0.952392 0.27046 0 0
-0.262573 2.04223 -0.777864 0.0828974 0.988035 0.130058 0 0
-0.305756 2.04223 -0.852658 0 1 0 0 0
-0.305756 2.04223 -0.852658 -0.111993 -0.970115 -0.215253 0 0
-0.202486 1.99062 -0.673789 -0.130419 -0.970115 -0.204615 0 0
-0.202486 1.99062 -0.673789 -0.461554 0 -0.887112 0 0
-0.202486 1.63566 -0.673789 0 -1 0 0 0
-0.202486 1.63566 -0.673789 -0.53749 0 -0.84327 0 0
-0.0937575 1.63566 -0.67461 0.216219 0 0.976345 0 0
-0.0937575 1.63566 -0.67461 0 -1 0 0 0
-0.0937575 1.99062 -0.67461 0.300916 8.85847e-007 0.953651 0 0
-0.0937575 1.99062 -0.67461 0.0659193 0.952392 0.297664 0 0
-0.135525 2.04223 -0.830489 0.0464103 0.988035 0.147082 0 0
-0.157878 2.04223 -0.913911 0 1 0 0 0
-0.157878 2.04223 -0.913911 -0.0524653 -0.970115 -0.236905 0 0
-0.104422 1.99062 -0.714409 -0.0730167 -0.970115 -0.231398 0 0
-0.104422 1.99062 -0.714409 -0.216226 0 -0.976343 0 0
-0.104422 1.63566 -0.714409 0 -1 0 0 0
-0.104422 1.63566 -0.714409 -0.300922 0 -0.953649 0 0
0.000814468 1.63566 -0.68706 0 -1 0 0 0
0.000814468 1.63566 -0.68706 -0.0438398 0 0.999039 0 0
0.000814468 1.99062 -0.68706 0.0438396 0 0.999039 0 0
0.000814468 1.99062 -0.68706 -0.0133661 0.952392 0.304582 0 0
0.000814471 2.04223 -0.848438 0.0067614 0.988035 0.154082 0 0
0.000814471 2.04223 -0.934803 0.0106383 -0.970115 -0.242412 0 0
0.000814471 2.04223 -0.934803 0 1 0 0 0
0.000814468 1.99062 -0.728264 0.043843 0 -0.999039 0 0
0.000814468 1.99062 -0.728264 -0.0106379 -0.970115 -0.242412 0 0
0.000814468 1.63566 -0.728264 0 -1 0 0 0
0.000814468 1.63566 -0.728264 -0.043843 0 -0.999038 0 0
0.352941 1.99062 -0.118362 0.843271 0 0.537488 0 0
0.352941 1.99062 -0.118362 0.215253 -0.970115 0.111993 0 0
0.25919 1.99062 -0.0632872 -0.20592 0.952392 -0.224825 0 0
0.25919 1.99062 -0.0632872 -0.737427 0 -0.675427 0 0
0.288325 1.99062 -0.0341525 0.675428 0 0.737426 0 0
0.288325 1.99062 -0.0341525 0.178933 -0.970115 0.163889 0 0
0.183513 1.99062 -0.00521877 -0.140715 0.952392 -0.27046 0 0
0.183513 1.99062 -0.00521877 -0.537485 0 -0.843274 0 0
0.204115 1.99062 0.0304645 0.461552 0 0.887113 0 0
0.204115 1.99062 0.0304645 0.130419 -0.970115 0.204615 0 0
0.0953863 1.99062 0.0312844 -0.0659217 0.952392 -0.297664 0 0
0.0953863 1.99062 0.0312844 -0.300919 0 -0.95365 0 0
0.106051 1.99062 0.071084 0.216223 0 0.976344 0 0
0.106051 1.99062 0.071084 0.0730162 -0.970115 0.231398 0 0
0.000814468 1.99062 0.0437354 0.0133668 0.952392 -0.304583 0 0
0.000814468 1.99062 0.0437354 -0.0438434 0 -0.999038 0 0
0.000814468 1.99062 0.0849387 0.0106379 -0.970115 0.242411 0 0
0.000814468 1.99062 0.0849387 -0.0438422 0 0.999038 0 0
-0.0937575 1.99062 0.0312844 0.216223 0 -0.976344 0 0
-0.0937575 1.99062 0.0312844 0.0917429 0.952392 -0.290746 0 0
-0.104422 1.99062 0.071084 -0.0524651 -0.970115 0.236905 0 0
-0.104422 1.99062 0.071084 -0.300919 0 0.95365 0 0
-0.181885 1.99062 -0.00521877 0.461549 0 -0.887115 0 0
-0.181885 1.99062 -0.00521877 0.163867 0.952392 -0.257094 0 0
-0.202486 1.99062 0.0304645 -0.111993 -0.970115 0.215253 0 0
-0.202486 1.99062 0.0304645 -0.537493 0 0.843269 0 0
-0.257561 1.99062 -0.0632872 0.675427 0 -0.737427 0 0
-0.257561 1.99062 -0.0632872 0.224825 0.952392 -0.205921 0 0
-0.371672 2.04223 0.0508243 0.104171 0.988035 -0.113734 0 0
-0.432741 2.04223 0.111893 0 1 0 0 0
-0.432741 2.04223 0.111893 -0.178932 -0.970115 0.163889 0 0
-0.286695 1.99062 -0.0341525 -0.163889 -0.970115 0.178932 0 0
-0.286695 1.99062 -0.0341525 -0.737427 0 0.675427 0 0
-0.286695 1.63566 -0.0341525 0 -1 0 0 0
-0.286695 1.63566 -0.0341525 -0.675429 0 0.737425 0 0
-0.315629 1.63566 -0.138963 0.887115 0 -0.461548 0 0
-0.315629 1.63566 -0.138963 0 -1 0 0 0
-0.315629 1.99062 -0.138963 0.843273 0 -0.537486 0 0
-0.315629 1.99062 -0.138963 0.27046 0.952392 -0.140715 0 0
-0.455386 2.04223 -0.0582748 0.130058 0.988035 -0.0828967 0 0
-0.530181 2.04223 -0.0150922 0 1 0 0 0
-0.530181 2.04223 -0.0150922 -0.215253 -0.970115 0.111993 0 0
-0.351312 1.99062 -0.118362 -0.204614 -0.970115 0.130419 0 0
-0.351312 1.99062 -0.118362 -0.887111 0 0.461556 0 0
-0.351312 1.63566 -0.118362 0 -1 0 0 0
-0.351312 1.63566 -0.118362 -0.843269 0 0.537492 0 0
-0.352132 1.63566 -0.22709 0.976344 0 -0.216223 0 0
-0.352132 1.63566 -0.22709 0 -1 0 0 0
-0.352132 1.99062 -0.22709 0.95365 0 -0.300917 0 0
-0.352132 1.99062 -0.22709 0.297664 0.952392 -0.0659213 0 0
-0.508011 2.04223 -0.185323 0.147082 0.988035 -0.0464107 0 0
-0.591434 2.04223 -0.16297 0 1 0 0 0
-0.591434 2.04223 -0.16297 -0.236905 -0.970115 0.0524654 0 0
-0.391932 1.99062 -0.216426 -0.231398 -0.970115 0.0730168 0 0
-0.391932 1.99062 -0.216426 -0.976343 0 0.216226 0 0
0.0953863 1.99062 -0.67461 -0.0917425 0.952392 0.290744 0 0
0.0953863 1.99062 -0.67461 -0.21622 0 0.976345 0 0
0.106051 1.99062 -0.714409 0.300922 0 -0.953649 0 0
0.106051 1.99062 -0.714409 0.0524657 -0.970115 -0.236905 0 0
0.183513 1.63566 -0.638106 -0.537485 0 0.843274 0 0
0.183513 1.99062 -0.638106 -0.163867 0.952392 0.257093 0 0
0.183513 1.99062 -0.638106 -0.461553 0 0.887113 0 0
0.204115 1.99062 -0.673789 0.53749 0 -0.84327 0 0
0.204115 1.99062 -0.673789 0.111993 -0.970115 -0.215253 0 0
0.204115 1.63566 -0.673789 0.461554 0 -0.887112 0 0
0.25919 1.99062 -0.580038 -0.224824 0.952392 0.205922 0 0
0.25919 1.99062 -0.580038 -0.675422 0 0.737431 0 0
0.288324 1.99062 -0.609173 0.737427 0 -0.675427 0 0
0.288324 1.99062 -0.609173 0.163889 -0.970115 -0.178933 0 0
0.317258 1.99062 -0.504362 -0.27046 0.952392 0.140714 0 0
0.317258 1.99062 -0.504362 -0.843274 0 0.537484 0 0
0.352941 1.99062 -0.524963 0.887113 0 -0.461553 0 0
0.352941 1.99062 -0.524963 0.204615 -0.970115 -0.130419 0 0
0.353761 1.99062 -0.416234 -0.297663 0.952392 0.0659207 0 0
0.353761 1.99062 -0.416234 -0.953651 0 0.300914 0 0
0.393561 1.99062 -0.426898 0.976344 0 -0.216225 0 0
0.393561 1.99062 -0.426898 0.231398 -0.970115 -0.0730164 0 0
0.366212 1.99062 -0.321662 -0.304582 0.952392 -0.0133668 0 0
0.366212 1.99062 -0.321662 -0.999038 0 0.0438433 0 0
0.407416 1.99062 -0.321662 0.999038 0 0.0438432 0 0
0.407416 1.99062 -0.321662 0.242412 -0.970115 -0.0106378 0 0
0.353761 1.99062 -0.22709 -0.290745 0.952392 -0.0917428 0 0
0.353761 1.99062 -0.22709 -0.976344 0 -0.216223 0 0
0.509641 2.04223 -0.185323 0 1 0 0 0
0.393561 1.99062 -0.216426 0.953649 0 0.300923 0 0
0.393561 1.99062 -0.216426 0.236905 -0.970115 0.0524658 0 0
0.317258 1.99062 -0.138963 -0.257094 0.952392 -0.163866 0 0
0.317258 1.99062 -0.138963 -0.887115 0 -0.461548 0 0
-0.181885 1.63566 -0.638107 0 -1 0 0 0
175 164 162
175 162 172
173 161 160
173 160 170
171 159 158
171 158 169
169 158 157
169 157 168
167 156 154
167 154 166
165 155 163
165 163 174
164 153 151
164 151 162
161 150 149
161 149 160
159 148 147
159 147 158
158 147 146
158 146 157
156 145 144
156 144 154
155 264 152
155 152 163
153 143 141
153 141 151
150 140 139
150 139 149
148 138 137
148 137 147
147 137 136
147 136 146
145 135 133
145 133 144
264 134 142
264 142 152
143 132 130
143 130 141
140 129 128
140 128 139
138 127 126
138 126 137
137 126 125
137 125 136
135 124 122
135 122 133
134 123 131
134 131 142
132 121 119
132 119 130
129 118 117
129 117 128
127 116 115
127 115 126
126 115 114
126 114 125
124 113 111
124 111 122
123 112 120
123 120 131
121 110 108
121 108 119
118 107 106
118 106 117
116 105 104
116 104 115
115 104 103
115 103 114
113 102 100
113 100 111
112 101 109
112 109 120
110 99 230
110 230 108
107 229 228
107 228 106
105 227 226
105 226 104
104 226 225
104 225 103
102 224 222
102 222 100
101 223 98
101 98 109
99 221 219
99 219 230
229 218 217
229 217 228
227 216 215
227 215 226
226 215 214
226 214 225
224 213 211
224 211 222
223 212 220
223 220 98
221 210 208
221 208 219
218 207 206
218 206 217
216 205 204
216 204 215
215 204 203
215 203 214
213 202 96
213 96 211
212 97 209
212 209 220
210 95 201
210 201 208
207 200 93
207 93 206
205 92 91
205 91 204
204 91 199
204 199 203
202 198 89
202 89 96
97 90 94
97 94 209
95 88 197
95 197 201
200 196 86
200 86 93
92 85 84
92 84 91
91 84 195
91 195 199
198 194 82
198 82 89
90 83 87
90 87 94
88 80 193
88 193 197
196 192 79
196 79 86
85 78 77
85 77 84
84 77 190
84 190 195
194 191 75
194 75 82
83 76 81
83 81 87
80 73 188
80 188 193
192 189 71
192 71 79
78 72 70
78 70 77
77 70 186
77 186 190
191 187 69
191 69 75
76 68 74
76 74 81
73 66 184
73 184 188
189 185 64
189 64 71
72 65 63
72 63 70
70 63 182
70 182 186
187 183 62
187 62 69
68 61 67
68 67 74
66 59 180
66 180 184
185 181 57
185 57 64
65 58 56
65 56 63
63 56 178
63 178 182
183 179 55
183 55 62
61 54 60
61 60 67
59 52 176
59 176 180
181 177 50
181 50 57
58 51 49
58 49 56
56 49 262
56 262 178
179 263 48
179 48 55
54 47 53
54 53 60
52 45 260
52 260 176
177 261 43
177 43 50
51 44 259
51 259 49
49 42 257
49 257 262
263 258 41
263 41 48
47 40 46
47 46 53
45 38 255
45 255 260
261 256 36
261 36 43
44 37 35
44 35 259
42 35 253
42 253 257
258 254 34
258 34 41
40 33 39
40 39 46
38 31 251
38 251 255
256 252 29
256 29 36
37 30 28
37 28 35
35 28 249
35 249 253
254 250 27
254 27 34
33 26 32
33 32 39
31 24 247
31 247 251
252 248 22
252 22 29
30 23 21
30 21 28
28 21 245
28 245 249
250 246 20
250 20 27
26 19 25
26 25 32
24 17 243
24 243 247
248 244 15
248 15 22
23 16 14
23 14 21
21 14 241
21 241 245
246 242 13
246 13 20
19 12 18
19 18 25
17 240 238
17 238 243
244 239 9
244 9 15
16 10 8
16 8 14
14 8 236
14 236 241
242 237 235
242 235 13
12 7 11
12 11 18
240 5 233
240 233 238
239 234 3
239 3 9
10 4 2
10 2 8
8 2 231
8 231 236
237 232 1
237 1 235
7 0 6
7 6 11
5 175 172
5 172 233
234 173 170
234 170 3
4 171 169
4 169 2
2 169 168
2 168 231
232 167 166
232 166 1
0 165 174
0 174 6
LABEL Box65
MATERIAL 2
TEXTURE 0
GEOM 768 480 ; Box65
0.480348 2.29131 -0.745398 0.669129 -2.83098e-005 -0.743146 0 0
0.480348 2.29131 -0.745398 0.581518 0.622633 0.523608 0 0
0.480348 2.29131 -0.745398 0 1 0 0 0
0.469713 2.29131 -0.754974 0.66914 -4.84044e-005 -0.743137 0 0
0.469713 2.29131 -0.754974 0 1 0 0 0
0.469713 2.29131 -0.754974 -0.581526 0.622619 -0.523616 0 0
0.493209 2.26956 -0.733818 0.725206 0.218367 0.652988 0 0
0.493209 2.26956 -0.733818 0.669119 -2.73841e-006 -0.743155 0 0
0.456852 2.26956 -0.766553 0.669126 -1.88732e-005 -0.743149 0 0
0.456852 2.26956 -0.766553 -0.668528 0.436721 -0.601952 0 0
0.493209 2.24782 -0.733818 0.74314 0 0.669136 0 0
0.493209 2.24782 -0.733818 0.669119 0 -0.743155 0 0
0.493209 2.24782 -0.733818 0 -1 0 0 0
0.456852 2.24782 -0.766553 0.669119 0 -0.743155 0 0
0.456852 2.24782 -0.766553 0 -1 0 0 0
0.456852 2.24782 -0.766553 -0.743142 0 -0.669134 0 0
0.457826 2.29131 -0.720385 0.581519 0.622632 0.523607 0 0
0.457826 2.29131 -0.720385 0 1 0 0 0
0.457826 2.29131 -0.720385 -0.669103 -2.31079e-005 0.74317 0 0
0.44719 2.29131 -0.72996 0 1 0 0 0
0.44719 2.29131 -0.72996 -0.581527 0.622618 -0.523616 0 0
0.44719 2.29131 -0.72996 -0.669065 -9.69511e-005 0.743204 0 0
0.470686 2.26956 -0.708804 0.668523 0.436732 0.601949 0 0
0.470686 2.26956 -0.708804 -0.669141 1.69117e-005 0.743136 0 0
0.43433 2.26956 -0.74154 -0.669116 -1.54053e-005 0.743158 0 0
0.43433 2.26956 -0.74154 -0.725208 0.21836 -0.652987 0 0
0.470686 2.24782 -0.708804 0.74314 0 0.669136 0 0
0.470686 2.24782 -0.708804 0 -1 0 0 0
0.470686 2.24782 -0.708804 -0.669141 0 0.743136 0 0
0.43433 2.24782 -0.74154 0 -1 0 0 0
0.43433 2.24782 -0.74154 -0.669141 0 0.743136 0 0
0.43433 2.24782 -0.74154 -0.743142 0 -0.669134 0 0
0.420259 2.29131 -0.7995 0.669133 -5.43976e-008 -0.743143 0 0
0.420259 2.29131 -0.7995 0.581518 0.622642 0.523597 0 0
0.420259 2.29131 -0.7995 0 1 0 0 0
0.409625 2.29131 -0.809075 0.669135 -4.14072e-006 -0.743141 0 0
0.409625 2.29131 -0.809075 0 1 0 0 0
0.409625 2.29131 -0.809075 -0.581488 0.622665 -0.523603 0 0
0.43312 2.26956 -0.78792 0.72522 0.218367 0.652971 0 0
0.43312 2.26956 -0.78792 0.669131 1.34398e-006 -0.743145 0 0
0.396763 2.26956 -0.820656 0.669132 -3.6265e-008 -0.743144 0 0
0.396763 2.26956 -0.820656 -0.668524 0.436745 -0.601938 0 0
0.43312 2.24782 -0.78792 0.743155 0 0.669119 0 0
0.43312 2.24782 -0.78792 0.669131 0 -0.743145 0 0
0.43312 2.24782 -0.78792 0 -1 0 0 0
0.396763 2.24782 -0.820656 0.669131 0 -0.743145 0 0
0.396763 2.24782 -0.820656 0 -1 0 0 0
0.396763 2.24782 -0.820656 -0.743155 0 -0.669119 0 0
0.397736 2.29131 -0.774486 0.581508 0.62265 0.523599 0 0
0.397736 2.29131 -0.774486 0 1 0 0 0
0.397736 2.29131 -0.774486 -0.669152 8.04317e-006 0.743125 0 0
0.387102 2.29131 -0.784062 0 1 0 0 0
0.387102 2.29131 -0.784062 -0.581509 0.622649 -0.523599 0 0
0.387102 2.29131 -0.784062 -0.669174 5.03746e-005 0.743106 0 0
0.410598 2.26956 -0.762906 0.668529 0.436739 0.601936 0 0
0.410598 2.26956 -0.762906 -0.669131 -1.14294e-005 0.743145 0 0
0.374241 2.26956 -0.795642 -0.669145 5.36212e-006 0.743132 0 0
0.374241 2.26956 -0.795642 -0.72522 0.218367 -0.652971 0 0
0.410598 2.24782 -0.762906 0.743155 0 0.669119 0 0
0.410598 2.24782 -0.762906 0 -1 0 0 0
0.410598 2.24782 -0.762906 -0.669131 0 0.743145 0 0
0.374241 2.24782 -0.795642 0 -1 0 0 0
0.374241 2.24782 -0.795642 -0.669131 0 0.743145 0 0
0.374241 2.24782 -0.795642 -0.743155 0 -0.669119 0 0
0.624561 2.29131 -0.449767 0.958821 -3.53914e-005 -0.28401 0 0
0.624561 2.29131 -0.449767 0.222255 0.622623 0.750296 0 0
0.624561 2.29131 -0.449767 0 1 0 0 0
0.620497 2.29131 -0.463488 0.958826 -5.92452e-005 -0.283994 0 0
0.620497 2.29131 -0.463488 0 1 0 0 0
0.620497 2.29131 -0.463488 -0.222254 0.622629 -0.750291 0 0
0.629476 2.26956 -0.433174 0.958817 -3.8459e-006 -0.284026 0 0
0.629476 2.26956 -0.433174 0.27717 0.218362 0.935679 0 0
0.615581 2.26956 -0.480081 0.95882 -2.35943e-005 -0.284015 0 0
0.615581 2.26956 -0.480081 -0.255506 0.436729 -0.862545 0 0
0.629476 2.24782 -0.433174 0.958817 0 -0.284026 0 0
0.629476 2.24782 -0.433174 0.284024 0 0.958817 0 0
0.629476 2.24782 -0.433174 0 -1 0 0 0
0.615581 2.24782 -0.480081 0.958817 0 -0.284026 0 0
0.615581 2.24782 -0.480081 0 -1 0 0 0
0.615581 2.24782 -0.480081 -0.284023 0 -0.958817 0 0
0.592288 2.29131 -0.440207 0.222254 0.622623 0.750295 0 0
0.592288 2.29131 -0.440207 0 1 0 0 0
0.592288 2.29131 -0.440207 -0.958821 3.50873e-005 0.28401 0 0
0.588224 2.29131 -0.453928 0 1 0 0 0
0.588224 2.29131 -0.453928 -0.222253 0.622629 -0.750291 0 0
0.588224 2.29131 -0.453928 -0.958826 5.83854e-005 0.283995 0 0
0.597203 2.26956 -0.423614 0.255507 0.436724 0.862547 0 0
0.597203 2.26956 -0.423614 -0.958817 3.92974e-006 0.284026 0 0
0.583308 2.26956 -0.470521 -0.277169 0.218365 -0.935678 0 0
0.583308 2.26956 -0.470521 -0.95882 2.33915e-005 0.284015 0 0
0.597203 2.24782 -0.423614 0.284024 0 0.958817 0 0
0.597203 2.24782 -0.423614 0 -1 0 0 0
0.597203 2.24782 -0.423614 -0.958817 0 0.284026 0 0
0.583308 2.24782 -0.470521 0 -1 0 0 0
0.583308 2.24782 -0.470521 -0.284023 0 -0.958817 0 0
0.583308 2.24782 -0.470521 -0.958817 0 0.284026 0 0
0.601595 2.29131 -0.527293 0.95882 1.84093e-005 -0.284015 0 0
0.601595 2.29131 -0.527293 0.222249 0.622651 0.750274 0 0
0.601595 2.29131 -0.527293 0 1 0 0 0
0.597531 2.29131 -0.541013 0.958821 1.19495e-005 -0.28401 0 0
0.597531 2.29131 -0.541013 0 1 0 0 0
0.597531 2.29131 -0.541013 -0.222228 0.622644 -0.750286 0 0
0.606511 2.26956 -0.510699 0.958819 8.28967e-006 -0.284019 0 0
0.606511 2.26956 -0.510699 0.277169 0.218373 0.935677 0 0
0.592616 2.26956 -0.557607 0.95882 1.22728e-005 -0.284016 0 0
0.592616 2.26956 -0.557607 -0.255479 0.436741 -0.862547 0 0
0.606511 2.24782 -0.510699 0.958819 0 -0.284019 0 0
0.606511 2.24782 -0.510699 0.284023 0 0.958817 0 0
0.606511 2.24782 -0.510699 0 -1 0 0 0
0.592616 2.24782 -0.557607 0.958819 0 -0.284019 0 0
0.592616 2.24782 -0.557607 0 -1 0 0 0
0.592616 2.24782 -0.557607 -0.283996 0 -0.958826 0 0
0.569322 2.29131 -0.517733 0.22225 0.62265 0.750274 0 0
0.569322 2.29131 -0.517733 0 1 0 0 0
0.569322 2.29131 -0.517733 -0.958824 -1.26673e-005 0.284002 0 0
0.565258 2.29131 -0.531454 0 1 0 0 0
0.565258 2.29131 -0.531454 -0.222228 0.622644 -0.750286 0 0
0.565258 2.29131 -0.531454 -0.958827 4.99357e-006 0.28399 0 0
0.574238 2.26956 -0.501139 0.255503 0.436747 0.862537 0 0
0.574238 2.26956 -0.501139 -0.95882 -1.01094e-005 0.284013 0 0
0.560343 2.26956 -0.548048 -0.277142 0.218371 -0.935685 0 0
0.560343 2.26956 -0.548048 -0.958823 -8.44485e-006 0.284005 0 0
0.574238 2.24782 -0.501139 0.284023 0 0.958817 0 0
0.574238 2.24782 -0.501139 0 -1 0 0 0
0.574238 2.24782 -0.501139 -0.95882 0 0.284013 0 0
0.560343 2.24782 -0.548048 0 -1 0 0 0
0.560343 2.24782 -0.548048 -0.283996 0 -0.958826 0 0
0.560343 2.24782 -0.548048 -0.95882 0 0.284013 0 0
0.604517 2.29131 -0.102124 0.978151 3.27713e-006 0.207894 0 0
0.604517 2.29131 -0.102124 0 1 0 0 0
0.604517 2.29131 -0.102124 -0.162703 0.622641 0.765406 0 0
0.607492 2.29131 -0.116122 0.978152 9.26417e-006 0.20789 0 0
0.607492 2.29131 -0.116122 0.162666 0.622634 -0.765419 0 0
0.607492 2.29131 -0.116122 0 1 0 0 0
0.600919 2.26956 -0.085196 0.97815 -9.03301e-007 0.207898 0 0
0.600919 2.26956 -0.085196 -0.202899 0.218367 0.954541 0 0
0.61109 2.26956 -0.13305 0.978151 2.18476e-006 0.207896 0 0
0.61109 2.26956 -0.13305 0.187021 0.436742 -0.879931 0 0
0.600919 2.24782 -0.085196 0.978151 0 0.207898 0 0
0.600919 2.24782 -0.085196 0 -1 0 0 0
0.600919 2.24782 -0.085196 -0.207917 0 0.978147 0 0
0.61109 2.24782 -0.13305 0.978151 0 0.207898 0 0
0.61109 2.24782 -0.13305 0.207906 0 -0.978149 0 0
0.61109 2.24782 -0.13305 0 -1 0 0 0
0.571593 2.29131 -0.109123 0 1 0 0 0
0.571593 2.29131 -0.109123 -0.162709 0.622647 0.765399 0 0
0.571593 2.29131 -0.109123 -0.978149 6.60193e-006 -0.207907 0 0
0.574568 2.29131 -0.123119 0.162676 0.622645 -0.765408 0 0
0.574568 2.29131 -0.123119 0 1 0 0 0
0.574568 2.29131 -0.123119 -0.978147 1.75978e-005 -0.207915 0 0
0.567995 2.26956 -0.0921944 -0.187044 0.436738 0.879928 0 0
0.567995 2.26956 -0.0921944 -0.97815 -1.46464e-006 -0.2079 0 0
0.578166 2.26956 -0.140048 0.202888 0.218375 -0.954541 0 0
0.578166 2.26956 -0.140048 -0.978149 4.40128e-006 -0.207905 0 0
0.567995 2.24782 -0.0921944 0 -1 0 0 0
0.567995 2.24782 -0.0921944 -0.207917 0 0.978147 0 0
0.567995 2.24782 -0.0921944 -0.97815 0 -0.2079 0 0
0.578166 2.24782 -0.140048 0.207906 0 -0.978149 0 0
0.578166 2.24782 -0.140048 0 -1 0 0 0
0.578166 2.24782 -0.140048 -0.97815 0 -0.2079 0 0
0.621325 2.29131 -0.181214 0.978143 -2.29808e-006 0.207933 0 0
0.621325 2.29131 -0.181214 0 1 0 0 0
0.621325 2.29131 -0.181214 -0.162671 0.622634 0.765418 0 0
0.624301 2.29131 -0.195211 0.978136 -5.43896e-005 0.207968 0 0
0.624301 2.29131 -0.195211 0.162693 0.622634 -0.765413 0 0
0.624301 2.29131 -0.195211 0 1 0 0 0
0.617728 2.26956 -0.164286 -0.202861 0.218365 0.954549 0 0
0.627899 2.26956 -0.212139 0.978146 -1.53206e-006 0.207922 0 0
0.627899 2.26956 -0.212139 0.187036 0.436734 -0.879933 0 0
0.617728 2.24782 -0.164286 0 -1 0 0 0
0.617728 2.24782 -0.164286 -0.207877 0 0.978155 0 0
0.627899 2.24782 -0.212139 0.978151 0 0.207898 0 0
0.627899 2.24782 -0.212139 0.207909 -4.84509e-006 -0.978148 0 0
0.627899 2.24782 -0.212139 0 -1 0 0 0
0.588403 2.29131 -0.188211 0 1 0 0 0
0.588403 2.29131 -0.188211 -0.162675 0.622639 0.765414 0 0
0.588403 2.29131 -0.188211 -0.97815 8.55776e-006 -0.207902 0 0
0.591378 2.29131 -0.202209 0.162694 0.622635 -0.765413 0 0
0.591378 2.29131 -0.202209 0 1 0 0 0
0.591378 2.29131 -0.202209 -0.978153 -1.51152e-005 -0.207886 0 0
0.584804 2.26956 -0.171283 -0.187008 0.436733 0.879939 0 0
0.584804 2.26956 -0.171283 -0.978148 2.59402e-005 -0.207912 0 0
0.594976 2.26956 -0.219137 0.202892 0.218364 -0.954543 0 0
0.594976 2.26956 -0.219137 -0.978148 2.09018e-005 -0.207908 0 0
0.584804 2.24782 -0.171283 0 -1 0 0 0
0.584804 2.24782 -0.171283 -0.207877 0 0.978155 0 0
0.584804 2.24782 -0.171283 -0.978151 0 -0.207898 0 0
0.594975 2.24782 -0.219137 0.207906 -9.69018e-006 -0.978149 0 0
0.594975 2.24782 -0.219137 0 -1 0 0 0
0.594975 2.24782 -0.219137 -0.978148 2.2795e-005 -0.207908 0 0
0.407697 2.29131 0.160836 0.694664 4.97799e-007 0.719335 0 0
0.407697 2.29131 0.160836 0 1 0 0 0
0.407697 2.29131 0.160836 -0.562883 0.622637 0.543587 0 0
0.41799 2.29131 0.150896 0.694664 1.40719e-006 0.719334 0 0
0.41799 2.29131 0.150896 0.562906 0.622637 -0.543563 0 0
0.41799 2.29131 0.150896 0 1 0 0 0
0.395248 2.26956 0.172858 0.694663 -1.37196e-007 0.719335 0 0
0.395248 2.26956 0.172858 -0.701969 0.218368 0.677905 0 0
0.430439 2.26956 0.138874 0.694663 3.31866e-007 0.719335 0 0
0.430439 2.26956 0.138874 0.647121 0.436729 -0.624902 0 0
0.395248 2.24782 0.172858 0.694663 0 0.719335 0 0
0.395248 2.24782 0.172858 0 -1 0 0 0
0.395248 2.24782 0.172858 -0.719329 0 0.69467 0 0
0.430439 2.24782 0.138874 0.719344 0 -0.694654 0 0
0.430439 2.24782 0.138874 0.694663 0 0.719335 0 0
0.430439 2.24782 0.138874 0 -1 0 0 0
0.384315 2.29131 0.136624 0 1 0 0 0
0.384315 2.29131 0.136624 -0.562883 0.622637 0.543586 0 0
0.384315 2.29131 0.136624 -0.694659 -2.33949e-005 -0.719339 0 0
0.394609 2.29131 0.126683 0.562904 0.622629 -0.543573 0 0
0.394609 2.29131 0.126683 0 1 0 0 0
0.394609 2.29131 0.126683 -0.694666 -3.66178e-005 -0.719333 0 0
0.371866 2.26956 0.148646 -0.647101 0.436735 0.624918 0 0
0.371866 2.26956 0.148646 -0.694653 -3.39068e-006 -0.719345 0 0
0.407058 2.26956 0.114662 0.701984 0.218362 -0.677891 0 0
0.407058 2.26956 0.114662 -0.694657 -1.55966e-005 -0.719341 0 0
0.371866 2.24782 0.148646 0 -1 0 0 0
0.371866 2.24782 0.148646 -0.694653 0 -0.719345 0 0
0.371866 2.24782 0.148646 -0.719329 0 0.69467 0 0
0.407058 2.24782 0.114662 0.719344 0 -0.694654 0 0
0.407058 2.24782 0.114662 0 -1 0 0 0
0.407058 2.24782 0.114662 -0.694653 0 -0.719345 0 0
0.466461 2.29131 0.104579 0.707108 -6.44712e-006 0.707105 0 0
0.466461 2.29131 0.104579 0 1 0 0 0
0.466461 2.29131 0.104579 -0.553324 0.622627 0.553324 0 0
0.47658 2.29131 0.09446 0.707107 -9.15379e-006 0.707107 0 0
0.47658 2.29131 0.09446 0.553321 0.62263 -0.553324 0 0
0.47658 2.29131 0.09446 0 1 0 0 0
0.454224 2.26956 0.116816 0.70711 -1.24682e-006 0.707104 0 0
0.454224 2.26956 0.116816 -0.690041 0.218363 0.690044 0 0
0.488817 2.26956 0.0822227 0.707109 -4.29808e-006 0.707105 0 0
0.488817 2.26956 0.0822227 0.636106 0.43673 -0.63611 0 0
0.454224 2.24782 0.116816 0.70711 0 0.707104 0 0
0.454224 2.24782 0.116816 0 -1 0 0 0
0.454224 2.24782 0.116816 -0.707105 0 0.707108 0 0
0.488817 2.24782 0.0822227 0.707104 0 -0.70711 0 0
0.488817 2.24782 0.0822227 0.70711 0 0.707104 0 0
0.488817 2.24782 0.0822227 0 -1 0 0 0
0.44266 2.29131 0.0807779 0 1 0 0 0
0.44266 2.29131 0.0807779 -0.553325 0.622629 0.553322 0 0
0.44266 2.29131 0.0807779 -0.707104 4.91827e-006 -0.707109 0 0
0.452779 2.29131 0.0706591 0.553321 0.622629 -0.553325 0 0
0.452779 2.29131 0.0706591 0 1 0 0 0
0.452779 2.29131 0.0706591 -0.7071 1.37929e-005 -0.707114 0 0
0.430423 2.26956 0.0930151 -0.636108 0.436728 0.636109 0 0
0.430423 2.26956 0.0930151 -0.707109 -1.31877e-006 -0.707105 0 0
0.465016 2.26956 0.0584219 0.69004 0.218364 -0.690045 0 0
0.465016 2.26956 0.0584219 -0.707106 3.27885e-006 -0.707108 0 0
0.430423 2.24782 0.0930151 0 -1 0 0 0
0.430423 2.24782 0.0930151 -0.707109 0 -0.707105 0 0
0.430423 2.24782 0.0930151 -0.707105 0 0.707108 0 0
0.465016 2.24782 0.0584219 0.707104 0 -0.70711 0 0
0.465016 2.24782 0.0584219 0 -1 0 0 0
0.465016 2.24782 0.0584219 -0.707109 0 -0.707105 0 0
0.0977767 2.29131 0.304917 0.241926 3.73899e-005 0.970295 0 0
0.0977767 2.29131 0.304917 0 1 0 0 0
0.0977767 2.29131 0.304917 -0.759265 0.622639 0.189308 0 0
0.111661 2.29131 0.301455 0.759257 0.622655 -0.189285 0 0
0.111661 2.29131 0.301455 0.24194 5.75201e-005 0.970291 0 0
0.111661 2.29131 0.301455 0 1 0 0 0
0.0809845 2.26956 0.309104 0.241913 5.75327e-006 0.970298 0 0
0.0809845 2.26956 0.309104 -0.946878 0.218368 0.236086 0 0
0.128454 2.26956 0.297268 0.872866 0.436742 -0.217627 0 0
0.0809845 2.24782 0.309104 0.241913 0 0.970298 0 0
0.0809845 2.24782 0.309104 0 -1 0 0 0
0.0809845 2.24782 0.309104 -0.970295 0 0.241925 0 0
0.128454 2.24782 0.297268 0.970294 0 -0.241927 0 0
0.128454 2.24782 0.297268 0 -1 0 0 0
0.0896336 2.29131 0.272257 0 1 0 0 0
0.0896336 2.29131 0.272257 -0.241894 9.08046e-006 -0.970303 0 0
0.0896336 2.29131 0.272257 -0.759265 0.622639 0.189307 0 0
0.103519 2.29131 0.268796 0.759263 0.622645 -0.189298 0 0
0.103519 2.29131 0.268796 0 1 0 0 0
0.103519 2.29131 0.268796 -0.241855 6.69604e-005 -0.970312 0 0
0.0728416 2.26956 0.276445 -0.241932 -1.62665e-005 -0.970293 0 0
0.0728416 2.26956 0.276445 -0.872867 0.436737 0.217632 0 0
0.120311 2.26956 0.264609 0.946878 0.218367 -0.236089 0 0
0.120311 2.26956 0.264609 -0.241907 6.05364e-006 -0.9703 0 0
0.0728416 2.24782 0.276445 0 -1 0 0 0
0.0728416 2.24782 0.276445 -0.241932 0 -0.970293 0 0
0.0728416 2.24782 0.276445 -0.970295 0 0.241925 0 0
0.120311 2.24782 0.264609 0.970294 0 -0.241927 0 0
0.120311 2.24782 0.264609 0 -1 0 0 0
0.120311 2.24782 0.264609 -0.241932 0 -0.970293 0 0
0.177362 2.29131 0.285191 0.25038 1.24525e-005 0.968148 0 0
0.177362 2.29131 0.285191 0 1 0 0 0
0.177362 2.29131 0.285191 -0.757579 0.622646 0.195922 0 0
0.191216 2.29131 0.281608 0.757568 0.622657 -0.195931 0 0
0.191216 2.29131 0.281608 0.250388 2.47034e-005 0.968146 0 0
0.191216 2.29131 0.281608 0 1 0 0 0
0.160607 2.26956 0.289524 0.250372 6.71955e-008 0.96815 0 0
0.160607 2.26956 0.289524 -0.94478 0.218367 0.244349 0 0
0.207972 2.26956 0.277275 0.870926 0.436751 -0.225248 0 0
0.207972 2.26956 0.277275 0.250377 8.30167e-006 0.968148 0 0
0.160607 2.24782 0.289524 0.250372 0 0.96815 0 0
0.160607 2.24782 0.289524 0 -1 0 0 0
0.160607 2.24782 0.289524 -0.968145 0 0.250392 0 0
0.207972 2.24782 0.277275 0.968144 0 -0.250392 0 0
0.207972 2.24782 0.277275 0.250372 0 0.96815 0 0
0.207972 2.24782 0.277275 0 -1 0 0 0
0.168935 2.29131 0.252604 0 1 0 0 0
0.168935 2.29131 0.252604 -0.250389 -1.37305e-005 -0.968145 0 0
0.168935 2.29131 0.252604 -0.757574 0.622657 0.195909 0 0
0.182788 2.29131 0.249021 0.757568 0.622657 -0.195931 0 0
0.182788 2.29131 0.249021 0 1 0 0 0
0.182788 2.29131 0.249021 -0.250405 -3.88127e-005 -0.968141 0 0
0.152179 2.26956 0.256937 -0.250372 3.78393e-006 -0.96815 0 0
0.152179 2.26956 0.256937 -0.870932 0.436743 0.225241 0 0
0.199544 2.26956 0.244688 0.944778 0.218376 -0.244349 0 0
0.199544 2.26956 0.244688 -0.250383 -9.15364e-006 -0.968147 0 0
0.152179 2.24782 0.256937 0 -1 0 0 0
0.152179 2.24782 0.256937 -0.250372 0 -0.96815 0 0
0.152179 2.24782 0.256937 -0.968145 0 0.250392 0 0
0.199544 2.24782 0.244688 0.968144 0 -0.250392 0 0
0.199544 2.24782 0.244688 0 -1 0 0 0
0.199544 2.24782 0.244688 -0.250372 0 -0.96815 0 0
-0.202842 2.29131 0.276546 0 1 0 0 0
-0.202842 2.29131 0.276546 -0.241896 -4.9614e-007 0.970302 0 0
-0.202842 2.29131 0.276546 -0.759267 0.622637 -0.189308 0 0
-0.188957 2.29131 0.280007 0.759246 0.622656 0.189329 0 0
-0.188957 2.29131 0.280007 0 1 0 0 0
-0.188957 2.29131 0.280007 -0.241862 5.01819e-005 0.970311 0 0
-0.219634 2.26956 0.272358 -0.241929 -1.70581e-005 0.970294 0 0
-0.219634 2.26956 0.272358 -0.946878 0.218369 -0.236089 0 0
-0.172164 2.26956 0.284194 0.872862 0.436742 0.217642 0 0
-0.172164 2.26956 0.284194 -0.241907 -3.3076e-007 0.9703 0 0
-0.219634 2.24782 0.272358 0 -1 0 0 0
-0.219634 2.24782 0.272358 -0.241929 0 0.970294 0 0
-0.219634 2.24782 0.272358 -0.970294 0 -0.241927 0 0
-0.172164 2.24782 0.284194 0.970294 0 0.241927 0 0
-0.172164 2.24782 0.284194 0 -1 0 0 0
-0.172164 2.24782 0.284194 -0.241929 0 0.970294 0 0
-0.194699 2.29131 0.243886 0.24192 -7.95437e-006 -0.970296 0 0
-0.194699 2.29131 0.243886 0 1 0 0 0
-0.194699 2.29131 0.243886 -0.75927 0.622634 -0.189306 0 0
-0.180813 2.29131 0.247348 0.759257 0.622645 0.18932 0 0
-0.180813 2.29131 0.247348 0.241911 -2.18792e-005 -0.970299 0 0
-0.180813 2.29131 0.247348 0 1 0 0 0
-0.211491 2.26956 0.239699 0.241929 1.99017e-006 -0.970294 0 0
-0.211491 2.26956 0.239699 -0.872868 0.436735 -0.217633 0 0
-0.164021 2.26956 0.251535 0.946878 0.218367 0.236089 0 0
-0.164021 2.26956 0.251535 0.241923 -5.30291e-006 -0.970295 0 0
-0.211491 2.24782 0.239699 0.241929 0 -0.970294 0 0
-0.211491 2.24782 0.239699 0 -1 0 0 0
-0.211491 2.24782 0.239699 -0.970294 0 -0.241927 0 0
-0.164021 2.24782 0.251535 0.970294 0 0.241927 0 0
-0.164021 2.24782 0.251535 0.241929 0 -0.970294 0 0
-0.164021 2.24782 0.251535 0 -1 0 0 0
-0.123872 2.29131 0.295461 0 1 0 0 0
-0.123872 2.29131 0.295461 -0.24192 9.38244e-006 0.970296 0 0
-0.123872 2.29131 0.295461 -0.759271 0.622631 -0.189309 0 0
-0.109986 2.29131 0.298923 0.75927 0.622632 0.189312 0 0
-0.109986 2.29131 0.298923 0 1 0 0 0
-0.109986 2.29131 0.298923 -0.24191 2.4325e-005 0.970299 0 0
-0.140664 2.26956 0.291274 -0.24193 -1.85336e-006 0.970294 0 0
-0.140664 2.26956 0.291274 -0.946878 0.218367 -0.236089 0 0
-0.0931941 2.26956 0.30311 0.872871 0.436729 0.217632 0 0
-0.0931941 2.26956 0.30311 -0.241923 6.25496e-006 0.970295 0 0
-0.140664 2.24782 0.291274 0 -1 0 0 0
-0.140664 2.24782 0.291274 -0.24193 0 0.970294 0 0
-0.140664 2.24782 0.291274 -0.970295 0 -0.241927 0 0
-0.0931941 2.24782 0.30311 0.970296 0 0.24192 0 0
-0.0931941 2.24782 0.30311 0 -1 0 0 0
-0.0931941 2.24782 0.30311 -0.24193 0 0.970294 0 0
-0.115729 2.29131 0.262801 0 1 0 0 0
-0.115729 2.29131 0.262801 -0.759273 0.622629 -0.189307 0 0
-0.101843 2.29131 0.266264 0.759272 0.622629 0.18931 0 0
-0.101843 2.29131 0.266264 0.24191 2.08789e-005 -0.970299 0 0
-0.101843 2.29131 0.266264 0 1 0 0 0
-0.132521 2.26956 0.258615 0.241911 7.45207e-006 -0.970298 0 0
-0.132521 2.26956 0.258615 -0.87287 0.436731 -0.217634 0 0
-0.0850511 2.26956 0.27045 0.94688 0.218364 0.236082 0 0
-0.0850511 2.26956 0.27045 0.241911 1.44117e-005 -0.970299 0 0
-0.132521 2.24782 0.258615 0.241911 0 -0.970299 0 0
-0.132521 2.24782 0.258615 0 -1 0 0 0
-0.132521 2.24782 0.258615 -0.970295 0 -0.241927 0 0
-0.0850511 2.24782 0.27045 0.970296 0 0.24192 0 0
-0.0850511 2.24782 0.27045 0.241911 0 -0.970299 0 0
-0.0850511 2.24782 0.27045 0 -1 0 0 0
-0.478719 2.29131 0.102074 0 1 0 0 0
-0.478719 2.29131 0.102074 -0.581511 0.622645 -0.523601 0 0
-0.478719 2.29131 0.102074 -0.669114 1.3324e-006 0.74316 0 0
-0.468084 2.29131 0.111649 0.58153 0.622634 0.523593 0 0
-0.468084 2.29131 0.111649 0 1 0 0 0
-0.468084 2.29131 0.111649 -0.6691 2.86478e-005 0.743172 0 0
-0.49158 2.26956 0.0904932 -0.669128 -8.661e-006 0.743147 0 0
-0.49158 2.26956 0.0904932 -0.725205 0.218371 -0.652987 0 0
-0.455223 2.26956 0.123229 0.668518 0.436744 0.601946 0 0
-0.455223 2.26956 0.123229 -0.669119 8.88267e-007 0.743155 0 0
-0.49158 2.24782 0.0904932 0 -1 0 0 0
-0.49158 2.24782 0.0904932 -0.669128 0 0.743147 0 0
-0.49158 2.24782 0.0904932 -0.74314 0 -0.669136 0 0
-0.455223 2.24782 0.123229 0.743133 0 0.669144 0 0
-0.455223 2.24782 0.123229 0 -1 0 0 0
-0.455223 2.24782 0.123229 -0.669128 0 0.743147 0 0
-0.456196 2.29131 0.0770599 0.66914 -5.55796e-006 -0.743137 0 0
-0.456196 2.29131 0.0770599 0 1 0 0 0
-0.456196 2.29131 0.0770599 -0.581513 0.622644 -0.523601 0 0
-0.445562 2.29131 0.0866349 0.669134 -1.65489e-005 -0.743142 0 0
-0.445562 2.29131 0.0866349 0.581513 0.622647 0.523597 0 0
-0.445562 2.29131 0.0866349 0 1 0 0 0
-0.469057 2.26956 0.0654792 0.669146 1.81098e-006 -0.743131 0 0
-0.469057 2.26956 0.0654792 -0.66852 0.436742 -0.601945 0 0
-0.4327 2.26956 0.0982156 0.725197 0.218377 0.652994 0 0
-0.469057 2.24782 0.0654792 0.669145 0 -0.743132 0 0
-0.469057 2.24782 0.0654792 0 -1 0 0 0
-0.469057 2.24782 0.0654792 -0.74314 0 -0.669136 0 0
-0.4327 2.24782 0.0982156 0.743133 0 0.669144 0 0
-0.4327 2.24782 0.0982156 0 -1 0 0 0
-0.41863 2.29131 0.156175 0 1 0 0 0
-0.41863 2.29131 0.156175 -0.581527 0.622627 -0.523604 0 0
-0.41863 2.29131 0.156175 -0.669132 3.1205e-005 0.743144 0 0
-0.407996 2.29131 0.16575 0.581498 0.622649 0.523611 0 0
-0.407996 2.29131 0.16575 0 1 0 0 0
-0.407996 2.29131 0.16575 -0.669134 2.67316e-005 0.743142 0 0
-0.431491 2.26956 0.144596 -0.66913 1.18928e-005 0.743146 0 0
-0.431491 2.26956 0.144596 -0.725222 0.218361 -0.652972 0 0
-0.395135 2.26956 0.177331 0.668517 0.436739 0.60195 0 0
-0.395135 2.26956 0.177331 -0.669131 2.08034e-005 0.743144 0 0
-0.431491 2.24782 0.144596 0 -1 0 0 0
-0.431491 2.24782 0.144596 -0.66913 0 0.743146 0 0
