Name=STS-120
Orbiter=Discovery
UseRMS=true
TargetInc=28.500000
TargetLAN=0.000000
MECOAlt=105000.000000
MECOVel=7869.635088
MECOFPA=0.747083