MSHX1
GROUPS 37
LABEL Tube01
MATERIAL 5
TEXTURE 2
GEOM 264 288 ; Tube01
-0.118601 1.52566 -0.769618 0 -1 0 0 0
-0.118601 1.52566 -0.769618 -0.300916 0 -0.953651 0 0
-0.118601 1.93394 -0.769618 -0.0730133 -0.970117 -0.23139 0 0
-0.118601 1.93394 -0.769618 -0.216222 0 -0.976344 0 0
-0.180087 1.9933 -0.999087 0 1 0 0 0
-0.180087 1.9933 -0.999087 -0.0524643 -0.970118 -0.236895 0 0
-0.154377 1.9933 -0.903134 0.0464086 0.988036 0.147077 0 0
-0.106335 1.93394 -0.723841 0.300912 0 0.953652 0 0
-0.106335 1.93394 -0.723841 0.0659167 0.952395 0.297654 0 0
-0.106335 1.52566 -0.723841 0.216215 0 0.976346 0 0
-0.106335 1.52566 -0.723841 0 -1 0 0 0
-0.231397 1.52566 -0.722897 0 -1 0 0 0
-0.231397 1.52566 -0.722897 -0.537491 0 -0.84327 0 0
-0.231397 1.93394 -0.722897 -0.130414 -0.970117 -0.204608 0 0
-0.231397 1.93394 -0.722897 -0.46155 0 -0.887114 0 0
-0.350179 1.9933 -0.928633 0 1 0 0 0
-0.350179 1.9933 -0.928633 -0.111989 -0.970117 -0.215246 0 0
-0.300509 1.9933 -0.842604 0.0828945 0.988036 0.130053 0 0
-0.2077 1.93394 -0.681855 0.537493 0 0.843268 0 0
-0.2077 1.93394 -0.681855 0.140712 0.952395 0.270451 0 0
-0.2077 1.52566 -0.681855 0.461551 0 0.887114 0 0
-0.2077 1.52566 -0.681855 0 -1 0 0 0
-0.328255 1.52566 -0.648574 0 -1 0 0 0
-0.328255 1.52566 -0.648574 -0.73743 0 -0.675423 0 0
-0.328255 1.93394 -0.648574 -0.178926 -0.970118 -0.163882 0 0
-0.328255 1.93394 -0.648574 -0.67543 0 -0.737424 0 0
-0.496239 1.9933 -0.816556 0 1 0 0 0
-0.496239 1.9933 -0.816556 -0.163883 -0.970117 -0.178926 0 0
-0.425997 1.9933 -0.746314 0.113729 0.988036 0.104167 0 0
-0.294744 1.93394 -0.615062 0.737431 0 0.675422 0 0
-0.294744 1.93394 -0.615062 0.205915 0.952395 0.224815 0 0
-0.294744 1.52566 -0.615062 0.675433 0 0.737422 0 0
-0.294744 1.52566 -0.615062 0 -1 0 0 0
-0.402578 1.52566 -0.551714 0 -1 0 0 0
-0.402578 1.52566 -0.551714 -0.887112 0 -0.461554 0 0
-0.402578 1.93394 -0.551714 -0.215244 -0.970118 -0.111988 0 0
-0.402578 1.93394 -0.551714 -0.843271 0 -0.537488 0 0
-0.608316 1.9933 -0.670497 0 1 0 0 0
-0.608316 1.9933 -0.670497 -0.204606 -0.970118 -0.130413 0 0
-0.522286 1.9933 -0.620827 0.136814 0.988036 0.0711818 0 0
-0.361535 1.93394 -0.528018 0.887116 0 0.461547 0 0
-0.361535 1.93394 -0.528018 0.257084 0.952396 0.16386 0 0
-0.361535 1.52566 -0.528018 0.843274 0 0.537485 0 0
-0.361535 1.52566 -0.528018 0 -1 0 0 0
-0.4493 1.52566 -0.438919 0 -1 0 0 0
-0.4493 1.52566 -0.438919 -0.976345 0 -0.21622 0 0
-0.4493 1.93394 -0.438919 -0.236895 -0.970118 -0.0524628 0 0
-0.4493 1.93394 -0.438919 -0.953649 0 -0.30092 0 0
-0.67877 1.9933 -0.500405 0 1 0 0 0
-0.67877 1.9933 -0.500405 -0.231389 -0.970118 -0.0730133 0 0
-0.582816 1.9933 -0.474695 0.150575 0.988036 0.0333472 0 0
-0.403521 1.93394 -0.426653 0.976343 0 0.216227 0 0
-0.403521 1.93394 -0.426653 0.290733 0.952396 0.0917394 0 0
-0.403521 1.52566 -0.426653 0.95365 0 0.300917 0 0
-0.403521 1.52566 -0.426653 0 -1 0 0 0
-0.465235 1.52566 -0.317875 0 -1 0 0 0
0.00244305 1.52566 -0.785554 0 -1 0 0 0
0.00244305 1.52566 -0.785554 -0.0438427 0 -0.999039 0 0
0.00244305 1.93394 -0.785554 0.0438428 0 -0.999039 0 0
0.00244305 1.93394 -0.785554 -0.0106387 -0.970118 -0.242401 0 0
0.00244305 1.9933 -1.02312 0.0106378 -0.970118 -0.242401 0 0
0.00244305 1.9933 -1.02312 0 1 0 0 0
0.00244305 1.9933 -0.923779 0.00676111 0.988036 0.154077 0 0
0.00244305 1.93394 -0.738161 0.0438392 0 0.999039 0 0
0.00244305 1.93394 -0.738161 -0.0133655 0.952395 0.304573 0 0
0.00244305 1.52566 -0.738161 0 -1 0 0 0
0.00244305 1.52566 -0.738161 -0.0438394 0 0.999039 0 0
-0.465235 1.52566 -0.317875 -0.999039 0 0.0438407 0 0
-0.465235 1.93394 -0.317875 -0.242402 -0.970118 0.0106376 0 0
-0.465235 1.93394 -0.317875 -0.999039 0 -0.0438396 0 0
-0.7028 1.9933 -0.317875 0 1 0 0 0
-0.7028 1.9933 -0.317875 -0.242402 -0.970118 -0.010637 0 0
-0.603462 1.9933 -0.317875 0.154076 0.988036 -0.00676213 0 0
-0.417843 1.93394 -0.317875 0.999038 0 -0.0438462 0 0
-0.417843 1.93394 -0.317875 0.30457 0.952396 0.0133658 0 0
-0.417843 1.52566 -0.317875 0.999038 0 0.043845 0 0
-0.417843 1.52566 -0.317875 0 -1 0 0 0
-0.4493 1.52566 -0.196832 0 -1 0 0 0
-0.4493 1.52566 -0.196832 -0.95365 0 0.300918 0 0
-0.4493 1.93394 -0.196832 -0.231389 -0.970118 0.0730128 0 0
-0.4493 1.93394 -0.196832 -0.976345 0 0.21622 0 0
-0.67877 1.9933 -0.135347 0 1 0 0 0
-0.67877 1.9933 -0.135347 -0.236896 -0.970118 0.0524623 0 0
-0.582816 1.9933 -0.161057 0.147075 0.988036 -0.0464084 0 0
-0.403521 1.93394 -0.209098 0.95365 0 -0.300918 0 0
-0.403521 1.93394 -0.209098 0.297652 0.952396 -0.065919 0 0
-0.403521 1.52566 -0.209098 0.976343 0 -0.216227 0 0
-0.403521 1.52566 -0.209098 0 -1 0 0 0
-0.402578 1.52566 -0.0840358 0 -1 0 0 0
-0.402578 1.52566 -0.0840358 -0.843269 0 0.537492 0 0
-0.402578 1.93394 -0.0840358 -0.204606 -0.970118 0.130414 0 0
-0.402578 1.93394 -0.0840358 -0.887112 0 0.461554 0 0
-0.608316 1.9933 0.0347457 0 1 0 0 0
-0.608316 1.9933 0.0347457 -0.215244 -0.970118 0.111989 0 0
-0.522286 1.9933 -0.014923 0.130052 0.988036 -0.082893 0 0
-0.361535 1.93394 -0.107733 0.843272 0 -0.537488 0 0
-0.361535 1.93394 -0.107733 0.270449 0.952396 -0.140709 0 0
-0.361535 1.52566 -0.107733 0.887115 0 -0.461548 0 0
-0.361535 1.52566 -0.107733 0 -1 0 0 0
-0.328255 1.52566 0.0128223 0 -1 0 0 0
-0.328255 1.52566 0.0128223 -0.675429 0 0.737425 0 0
-0.328255 1.93394 0.0128223 -0.163883 -0.970118 0.178926 0 0
-0.328255 1.93394 0.0128223 -0.737427 0 0.675427 0 0
-0.496239 1.9933 0.180805 0 1 0 0 0
-0.496239 1.9933 0.180805 -0.178925 -0.970118 0.163883 0 0
-0.425997 1.9933 0.110564 0.104167 0.988036 -0.113728 0 0
-0.294744 1.93394 -0.0206899 0.67543 0 -0.737424 0 0
-0.294744 1.93394 -0.0206899 0.224815 0.952396 -0.205911 0 0
-0.294744 1.52566 -0.0206899 0.737428 0 -0.675425 0 0
-0.294744 1.52566 -0.0206899 0 -1 0 0 0
-0.231397 1.52566 0.0871457 0 -1 0 0 0
-0.231397 1.52566 0.0871457 -0.461548 0 0.887115 0 0
-0.231397 1.93394 0.0871457 -0.111989 -0.970118 0.215245 0 0
-0.231397 1.93394 0.0871457 -0.537491 0 0.84327 0 0
-0.350179 1.9933 0.292882 0 1 0 0 0
-0.350179 1.9933 0.292882 -0.130415 -0.970118 0.204607 0 0
-0.300509 1.9933 0.206853 0.0711816 0.988036 -0.136815 0 0
-0.2077 1.93394 0.0461027 0.46155 0 -0.887114 0 0
-0.2077 1.93394 0.0461027 0.16386 0.952396 -0.257083 0 0
-0.2077 1.52566 0.0461027 0.537491 0 -0.843269 0 0
-0.2077 1.52566 0.0461027 0 -1 0 0 0
-0.118601 1.52566 0.133866 0 -1 0 0 0
-0.118601 1.52566 0.133866 -0.216231 0 0.976342 0 0
-0.118601 1.93394 0.133866 -0.0524638 -0.970118 0.236895 0 0
-0.118601 1.93394 0.133866 -0.300918 0 0.95365 0 0
-0.180087 1.9933 0.363337 0 1 0 0 0
-0.180087 1.9933 0.363337 -0.0730129 -0.970118 0.231389 0 0
-0.154377 1.9933 0.267382 0.0333468 0.988036 -0.150576 0 0
-0.106335 1.93394 0.0880887 0.216222 0 -0.976344 0 0
-0.106335 1.93394 0.0880887 0.0917387 0.952395 -0.290735 0 0
-0.106335 1.52566 0.0880887 0.300915 0 -0.953651 0 0
-0.106335 1.52566 0.0880887 0 -1 0 0 0
0.00244305 1.52566 0.149804 0.0438482 0 0.999038 0 0
0.00244305 1.52566 0.149804 0 -1 0 0 0
0.00244305 1.93394 0.149804 0.0106377 -0.970118 0.242401 0 0
0.00244305 1.93394 0.149804 -0.0438481 0 0.999038 0 0
0.00244305 1.9933 0.387368 0 1 0 0 0
0.00244305 1.9933 0.387368 -0.010639 -0.970118 0.242402 0 0
0.00244305 1.9933 0.288028 -0.00676171 0.988036 -0.154076 0 0
0.00244305 1.93394 0.10241 0.013366 0.952395 -0.304572 0 0
0.00244305 1.93394 0.10241 -0.0438433 0 -0.999038 0 0
0.00244305 1.52566 0.10241 0.0438432 0 -0.999038 0 0
0.00244305 1.52566 0.10241 0 -1 0 0 0
0.123487 1.52566 0.133866 0.30092 0 0.95365 0 0
0.123487 1.52566 0.133866 0 -1 0 0 0
0.123487 1.93394 0.133866 0.216232 0 0.976342 0 0
0.123487 1.93394 0.133866 0.0730146 -0.970118 0.231388 0 0
0.184973 1.9933 0.363337 0.052465 -0.970118 0.236894 0 0
0.184973 1.9933 0.363337 0 1 0 0 0
0.159263 1.9933 0.267382 -0.0464085 0.988036 -0.147076 0 0
0.111221 1.93394 0.0880887 -0.0659185 0.952395 -0.297654 0 0
0.111221 1.93394 0.0880887 -0.300915 0 -0.953651 0 0
0.111221 1.52566 0.0880887 0 -1 0 0 0
0.111221 1.52566 0.0880887 -0.216222 0 -0.976344 0 0
0.236282 1.52566 0.0871457 0.537486 0 0.843273 0 0
0.236282 1.52566 0.0871457 0 -1 0 0 0
0.236282 1.93394 0.0871457 0.461547 0 0.887116 0 0
0.236282 1.93394 0.0871457 0.130413 -0.970117 0.204608 0 0
0.355064 1.9933 0.292882 0.111989 -0.970118 0.215245 0 0
0.355064 1.9933 0.292882 0 1 0 0 0
0.305395 1.9933 0.206853 -0.0828936 0.988036 -0.130053 0 0
0.212586 1.93394 0.0461027 -0.140711 0.952396 -0.27045 0 0
0.212586 1.93394 0.0461027 -0.537491 0 -0.843269 0 0
0.212586 1.52566 0.0461027 0 -1 0 0 0
0.212586 1.52566 0.0461027 -0.46155 0 -0.887114 0 0
0.333142 1.52566 0.0128223 0.737427 0 0.675426 0 0
0.333142 1.52566 0.0128223 0 -1 0 0 0
0.333142 1.93394 0.0128223 0.675426 0 0.737428 0 0
0.333142 1.93394 0.0128223 0.178926 -0.970117 0.163883 0 0
0.501125 1.9933 0.180805 0.163883 -0.970117 0.178927 0 0
0.501125 1.9933 0.180805 0 1 0 0 0
0.430882 1.9933 0.110564 -0.113729 0.988036 -0.104167 0 0
0.29963 1.93394 -0.0206899 -0.205913 0.952396 -0.224815 0 0
0.29963 1.93394 -0.0206899 -0.737428 0 -0.675425 0 0
0.29963 1.52566 -0.0206899 0 -1 0 0 0
0.29963 1.52566 -0.0206899 -0.67543 0 -0.737424 0 0
0.407464 1.52566 -0.0840358 0.887115 0 0.461548 0 0
0.407464 1.52566 -0.0840358 0 -1 0 0 0
0.407464 1.93394 -0.0840358 0.843272 0 0.537487 0 0
0.407464 1.93394 -0.0840358 0.215245 -0.970118 0.111988 0 0
0.613201 1.9933 0.0347457 0.204608 -0.970118 0.130414 0 0
0.613201 1.9933 0.0347457 0 1 0 0 0
0.527171 1.9933 -0.014923 -0.136814 0.988036 -0.0711822 0 0
0.366421 1.93394 -0.107733 -0.257084 0.952396 -0.16386 0 0
0.366421 1.93394 -0.107733 -0.887115 0 -0.461548 0 0
0.366421 1.52566 -0.107733 0 -1 0 0 0
0.366421 1.52566 -0.107733 -0.843272 0 -0.537488 0 0
0.454185 1.52566 -0.196832 0.976344 0 0.216222 0 0
0.454185 1.52566 -0.196832 0 -1 0 0 0
0.454185 1.93394 -0.196832 0.953651 0 0.300916 0 0
0.454185 1.93394 -0.196832 0.236895 -0.970118 0.0524632 0 0
0.683655 1.9933 -0.135347 0.231389 -0.970118 0.073013 0 0
0.683655 1.9933 -0.135347 0 1 0 0 0
0.587703 1.9933 -0.161057 -0.150575 0.988036 -0.0333467 0 0
0.408407 1.93394 -0.209098 -0.290732 0.952396 -0.0917393 0 0
0.408407 1.93394 -0.209098 -0.976344 0 -0.216221 0 0
0.408407 1.52566 -0.209098 0 -1 0 0 0
0.408407 1.52566 -0.209098 -0.953651 0 -0.300915 0 0
0.470121 1.52566 -0.317875 0.999039 0 -0.0438423 0 0
0.470121 1.52566 -0.317875 0 -1 0 0 0
0.470121 1.93394 -0.317875 0.999039 0 0.0438434 0 0
0.470121 1.93394 -0.317875 0.242402 -0.970118 -0.0106377 0 0
0.707686 1.9933 -0.317875 0.242402 -0.970118 0.010638 0 0
0.707686 1.9933 -0.317875 0 1 0 0 0
0.608348 1.9933 -0.317875 -0.154075 0.988036 0.00676175 0 0
0.422728 1.93394 -0.317875 -0.304569 0.952396 -0.0133655 0 0
0.422728 1.93394 -0.317875 -0.999038 0 0.0438419 0 0
0.422728 1.52566 -0.317875 0 -1 0 0 0
0.422728 1.52566 -0.317875 -0.999038 0 -0.0438431 0 0
0.454185 1.52566 -0.438919 0.95365 0 -0.300918 0 0
0.454185 1.52566 -0.438919 0 -1 0 0 0
0.454185 1.93394 -0.438919 0.976344 0 -0.216223 0 0
0.454185 1.93394 -0.438919 0.231389 -0.970118 -0.0730132 0 0
0.683655 1.9933 -0.500405 0.236895 -0.970118 -0.0524632 0 0
0.683655 1.9933 -0.500405 0 1 0 0 0
0.587702 1.9933 -0.474695 -0.147075 0.988036 0.0464087 0 0
0.408407 1.93394 -0.426653 -0.297651 0.952396 0.0659177 0 0
0.408407 1.93394 -0.426653 -0.953651 0 0.300915 0 0
0.408407 1.52566 -0.426653 0 -1 0 0 0
0.408407 1.52566 -0.426653 -0.976345 0 0.216221 0 0
0.407464 1.52566 -0.551714 0.843273 0 -0.537486 0 0
0.407464 1.52566 -0.551714 0 -1 0 0 0
0.407464 1.93394 -0.551714 0.887114 0 -0.46155 0 0
0.407464 1.93394 -0.551714 0.204607 -0.970118 -0.130413 0 0
0.613201 1.9933 -0.670497 0.215245 -0.970118 -0.111988 0 0
0.613201 1.9933 -0.670497 0 1 0 0 0
0.527171 1.9933 -0.620828 -0.130053 0.988036 0.0828939 0 0
0.366421 1.93394 -0.528018 -0.270449 0.952396 0.14071 0 0
0.366421 1.93394 -0.528018 -0.843273 0 0.537485 0 0
0.366421 1.52566 -0.528018 0 -1 0 0 0
0.366421 1.52566 -0.528018 -0.887116 0 0.461547 0 0
0.333141 1.52566 -0.648574 0.675427 -5.00006e-007 -0.737427 0 0
0.333141 1.52566 -0.648574 0 -1 0 0 0
0.333141 1.93394 -0.648574 0.737429 0 -0.675424 0 0
0.333141 1.93394 -0.648574 0.163883 -0.970117 -0.178926 0 0
0.501125 1.9933 -0.816556 0.178926 -0.970118 -0.163882 0 0
0.501125 1.9933 -0.816556 0 1 0 0 0
0.430882 1.9933 -0.746314 -0.104167 0.988036 0.113729 0 0
0.29963 1.93394 -0.615062 -0.224816 0.952396 0.205914 0 0
0.29963 1.93394 -0.615062 -0.675429 -1.3227e-006 0.737425 0 0
0.29963 1.52566 -0.615062 0 -1 0 0 0
0.29963 1.52566 -0.615062 -0.737431 0 0.675422 0 0
0.236281 1.52566 -0.722897 0.46155 -8.14322e-007 -0.887114 0 0
0.236281 1.52566 -0.722897 0 -1 0 0 0
0.236282 1.93394 -0.722897 0.537487 -8.14322e-007 -0.843272 0 0
0.236282 1.93394 -0.722897 0.111989 -0.970117 -0.215246 0 0
0.355064 1.9933 -0.928633 0.130414 -0.970117 -0.204608 0 0
0.355064 1.9933 -0.928633 0 1 0 0 0
0.305395 1.9933 -0.842604 -0.071183 0.988036 0.136814 0 0
0.212586 1.93394 -0.681853 -0.163862 0.952396 0.257083 0 0
0.212586 1.93394 -0.681853 -0.461552 -2.86301e-006 0.887113 0 0
0.212586 1.52566 -0.681855 0 -1 0 0 0
0.212586 1.52566 -0.681855 -0.537489 -2.86302e-006 0.843271 0 0
0.123487 1.52566 -0.769618 0.216224 0 -0.976344 0 0
0.123487 1.52566 -0.769618 0 -1 0 0 0
0.123487 1.93394 -0.769618 0.300919 -3.14316e-007 -0.95365 0 0
0.123487 1.93394 -0.769618 0.0524643 -0.970118 -0.236895 0 0
0.184973 1.9933 -0.999087 0.0730145 -0.970117 -0.23139 0 0
0.184973 1.9933 -0.999087 0 1 0 0 0
0.159263 1.9933 -0.903134 -0.0333462 0.988036 0.150577 0 0
0.111221 1.93394 -0.723841 -0.0917397 0.952396 0.290734 0 0
0.111221 1.93394 -0.723841 -0.21622 0 0.976345 0 0
0.111221 1.52566 -0.723841 0 -1 0 0 0
0.111221 1.52566 -0.723841 -0.300917 -1.54032e-006 0.95365 0 0
262 56 254
262 65 56
261 66 263
261 63 66
259 64 260
259 62 64
258 62 259
258 61 62
256 60 257
256 59 60
253 58 255
253 57 58
251 254 243
251 262 254
250 263 252
250 261 263
248 260 249
248 259 260
247 259 248
247 258 259
245 257 246
245 256 257
242 255 244
242 253 255
240 243 232
240 251 243
239 252 241
239 250 252
237 249 238
237 248 249
236 248 237
236 247 248
234 246 235
234 245 246
231 244 233
231 242 244
229 232 221
229 240 232
228 241 230
228 239 241
226 238 227
226 237 238
225 237 226
225 236 237
223 235 224
223 234 235
220 233 222
220 231 233
218 221 210
218 229 221
217 230 219
217 228 230
215 227 216
215 226 227
214 226 215
214 225 226
212 224 213
212 223 224
209 222 211
209 220 222
207 210 199
207 218 210
206 219 208
206 217 219
204 216 205
204 215 216
203 215 204
203 214 215
201 213 202
201 212 213
198 211 200
198 209 211
196 199 188
196 207 199
195 208 197
195 206 208
193 205 194
193 204 205
192 204 193
192 203 204
190 202 191
190 201 202
187 200 189
187 198 200
185 188 177
185 196 188
184 197 186
184 195 197
182 194 183
182 193 194
181 193 182
181 192 193
179 191 180
179 190 191
176 189 178
176 187 189
174 177 166
174 185 177
173 186 175
173 184 186
171 183 172
171 182 183
170 182 171
170 181 182
168 180 169
168 179 180
165 178 167
165 176 178
163 166 155
163 174 166
162 175 164
162 173 175
160 172 161
160 171 172
159 171 160
159 170 171
157 169 158
157 168 169
154 167 156
154 165 167
152 155 144
152 163 155
151 164 153
151 162 164
149 161 150
149 160 161
148 160 149
148 159 160
146 158 147
146 157 158
143 156 145
143 154 156
142 144 133
142 152 144
140 153 141
140 151 153
138 150 139
138 149 150
136 149 138
136 148 149
134 147 137
134 146 147
132 145 135
132 143 145
131 133 121
131 142 133
128 141 130
128 140 141
127 139 129
127 138 139
125 138 127
125 136 138
123 137 126
123 134 137
122 135 124
122 132 135
120 121 110
120 131 121
117 130 119
117 128 130
116 129 118
116 127 129
114 127 116
114 125 127
112 126 115
112 123 126
111 124 113
111 122 124
109 110 99
109 120 110
106 119 108
106 117 119
105 118 107
105 116 118
103 116 105
103 114 116
101 115 104
101 112 115
100 113 102
100 111 113
98 99 88
98 109 99
95 108 97
95 106 108
94 107 96
94 105 107
92 105 94
92 103 105
90 104 93
90 101 104
89 102 91
89 100 102
87 88 77
87 98 88
84 97 86
84 95 97
83 96 85
83 94 96
81 94 83
81 92 94
79 93 82
79 90 93
78 91 80
78 89 91
76 77 55
76 87 77
73 86 75
73 84 86
72 85 74
72 83 85
70 83 72
70 81 83
68 82 71
68 79 82
67 80 69
67 78 80
54 55 44
54 76 55
51 75 53
51 73 75
50 74 52
50 72 74
48 72 50
48 70 72
46 71 49
46 68 71
45 69 47
45 67 69
43 44 33
43 54 44
40 53 42
40 51 53
39 52 41
39 50 52
37 50 39
37 48 50
35 49 38
35 46 49
34 47 36
34 45 47
32 33 22
32 43 33
29 42 31
29 40 42
28 41 30
28 39 41
26 39 28
26 37 39
24 38 27
24 35 38
23 36 25
23 34 36
21 22 11
21 32 22
18 31 20
18 29 31
17 30 19
17 28 30
15 28 17
15 26 28
13 27 16
13 24 27
12 25 14
12 23 25
10 11 0
10 21 11
7 20 9
7 18 20
6 19 8
6 17 19
4 17 6
4 15 17
2 16 5
2 13 16
1 14 3
1 12 14
65 0 56
65 10 0
63 9 66
63 7 9
62 8 64
62 6 8
61 6 62
61 4 6
59 5 60
59 2 5
57 3 58
57 1 3
LABEL Box65
MATERIAL 1
TEXTURE 2
GEOM 864 480 ; Box65
0.101207 2.22977 -0.99893 0 -1 0 0 0
0.101207 2.22977 -0.99893 -0.241899 0 0.970301 0 0
0.101207 2.22977 -0.99893 -0.970303 0 -0.241891 0 0
0.155807 2.22977 -0.985318 0.970291 0 0.24194 0 0
0.155807 2.22977 -0.985318 0 -1 0 0 0
0.155807 2.22977 -0.985318 -0.241899 0 0.970301 0 0
0.101207 2.25478 -0.99893 -0.241926 3.8078e-005 0.970295 0 0
0.101207 2.25478 -0.99893 -0.759306 0.622594 -0.189291 0 0
0.101207 2.25478 -0.99893 -0.970303 0 -0.241891 0 0
0.155807 2.25478 -0.985318 0.970291 0 0.24194 0 0
0.155807 2.25478 -0.985318 0.759301 0.622592 0.189318 0 0
0.155807 2.25478 -0.985318 -0.241899 -8.61181e-007 0.970301 0 0
0.120522 2.2798 -0.994116 0 1 0 0 0
0.120522 2.2798 -0.994116 -0.241979 0.000116817 0.970281 0 0
0.120522 2.2798 -0.994116 -0.759301 0.622599 -0.189295 0 0
0.136493 2.2798 -0.990133 0.759313 0.62258 0.189308 0 0
0.136493 2.2798 -0.990133 0 1 0 0 0
0.136493 2.2798 -0.990133 -0.241939 5.71169e-005 0.970291 0 0
0.110573 2.22977 -1.0365 0.242034 0 -0.970268 0 0
0.110573 2.22977 -1.0365 0 -1 0 0 0
0.110573 2.22977 -1.0365 -0.970303 0 -0.241891 0 0
0.165173 2.22977 -1.02288 0.970291 0 0.24194 0 0
0.165173 2.22977 -1.02288 0.242034 0 -0.970268 0 0
0.165173 2.22977 -1.02288 0 -1 0 0 0
0.110573 2.25478 -1.0365 0.241954 6.54529e-005 -0.970288 0 0
0.110573 2.25478 -1.0365 -0.759301 0.622599 -0.189295 0 0
0.110573 2.25478 -1.0365 -0.970303 0 -0.241891 0 0
0.165173 2.25478 -1.02288 0.970291 0 0.24194 0 0
0.165173 2.25478 -1.02288 0.759289 0.622603 0.189327 0 0
0.165173 2.25478 -1.02288 0.242034 -2.71051e-005 -0.970268 0 0
0.129887 2.2798 -1.03168 0.241794 0.000277674 -0.970327 0 0
0.129887 2.2798 -1.03168 0 1 0 0 0
0.129887 2.2798 -1.03168 -0.759296 0.622604 -0.189299 0 0
0.145859 2.2798 -1.0277 0.759301 0.622592 0.189318 0 0
0.145859 2.2798 -1.0277 0.241914 9.81793e-005 -0.970298 0 0
0.145859 2.2798 -1.0277 0 1 0 0 0
0.192039 2.22977 -0.977174 0 -1 0 0 0
0.192039 2.22977 -0.977174 -0.241912 0 0.970298 0 0
0.192039 2.22977 -0.977174 -0.970297 0 -0.241915 0 0
0.24664 2.22977 -0.963561 0.970302 0 0.241898 0 0
0.24664 2.22977 -0.963561 0 -1 0 0 0
0.24664 2.22977 -0.963561 -0.241912 0 0.970298 0 0
0.192039 2.25478 -0.977174 -0.241901 -6.23404e-006 0.970301 0 0
0.192039 2.25478 -0.977174 -0.75928 0.622622 -0.189304 0 0
0.192039 2.25478 -0.977174 -0.970297 0 -0.241915 0 0
0.24664 2.25478 -0.963561 0.970302 0 0.241898 0 0
0.24664 2.25478 -0.963561 0.759305 0.62259 0.189311 0 0
0.24664 2.25478 -0.963561 -0.241912 5.51604e-006 0.970298 0 0
0.211355 2.2798 -0.972358 0 1 0 0 0
0.211355 2.2798 -0.972358 -0.241878 -3.52503e-005 0.970307 0 0
0.211355 2.2798 -0.972358 -0.75928 0.622622 -0.189304 0 0
0.227325 2.2798 -0.968377 0.75929 0.622604 0.189323 0 0
0.227325 2.2798 -0.968377 0 1 0 0 0
0.227325 2.2798 -0.968377 -0.241895 -9.35106e-006 0.970302 0 0
0.201405 2.22977 -1.01474 0.241862 0 -0.970311 0 0
0.201405 2.22977 -1.01474 0 -1 0 0 0
0.201405 2.22977 -1.01474 -0.970297 0 -0.241915 0 0
0.256006 2.22977 -1.00113 0.970302 0 0.241898 0 0
0.256006 2.22977 -1.00113 0.241862 0 -0.970311 0 0
0.256006 2.22977 -1.00113 0 -1 0 0 0
0.201405 2.25478 -1.01474 0.241845 0.000144113 -0.970315 0 0
0.201405 2.25478 -1.01474 -0.75928 0.622622 -0.189304 0 0
0.201405 2.25478 -1.01474 -0.970297 0 -0.241915 0 0
0.256006 2.25478 -1.00113 0.970302 0 0.241898 0 0
0.256006 2.25478 -1.00113 0.759319 0.622576 0.189299 0 0
0.256006 2.25478 -1.00113 0.241862 5.8661e-005 -0.970311 0 0
0.22072 2.2798 -1.00992 0.241809 0.000256356 -0.970324 0 0
0.22072 2.2798 -1.00992 0 1 0 0 0
0.22072 2.2798 -1.00992 -0.75928 0.622622 -0.189304 0 0
0.236691 2.2798 -1.00594 0.759305 0.62259 0.189311 0 0
0.236691 2.2798 -1.00594 0.241836 0.00021617 -0.970317 0 0
0.236691 2.2798 -1.00594 0 1 0 0 0
-0.226139 2.22977 -0.969298 0.250389 0 0.968145 0 0
-0.226139 2.22977 -0.969298 0 -1 0 0 0
-0.226139 2.22977 -0.969298 -0.968157 0 0.250343 0 0
-0.171659 2.22977 -0.983388 0.968145 0 -0.250392 0 0
-0.171659 2.22977 -0.983388 0.250389 0 0.968145 0 0
-0.171659 2.22977 -0.983388 0 -1 0 0 0
-0.226139 2.25478 -0.969298 0.250383 -1.20796e-005 0.968147 0 0
-0.226139 2.25478 -0.969298 -0.75761 0.622616 0.195901 0 0
-0.226139 2.25478 -0.969298 -0.968157 0 0.250343 0 0
-0.171659 2.25478 -0.983388 0.968145 0 -0.250392 0 0
-0.171659 2.25478 -0.983388 0.757623 0.62259 -0.195931 0 0
-0.171659 2.25478 -0.983388 0.250389 -9.98615e-006 0.968145 0 0
-0.206866 2.2798 -0.974282 0.250373 -6.28019e-006 0.96815 0 0
-0.206866 2.2798 -0.974282 0 1 0 0 0
-0.206866 2.2798 -0.974282 -0.757624 0.622588 0.195935 0 0
-0.190931 2.2798 -0.978403 0.757617 0.622602 -0.195917 0 0
-0.190931 2.2798 -0.978403 0.250381 -1.81193e-005 0.968147 0 0
-0.190931 2.2798 -0.978403 0 1 0 0 0
-0.235831 2.22977 -1.00678 0 -1 0 0 0
-0.235831 2.22977 -1.00678 -0.250396 0 -0.968144 0 0
-0.235831 2.22977 -1.00678 -0.968157 0 0.250343 0 0
-0.181353 2.22977 -1.02087 0.968145 0 -0.250392 0 0
-0.181353 2.22977 -1.02087 0 -1 0 0 0
-0.181353 2.22977 -1.02087 -0.250396 0 -0.968144 0 0
-0.235831 2.25478 -1.00678 -0.25056 0.000131562 -0.968101 0 0
-0.235831 2.25478 -1.00678 -0.757624 0.622588 0.195935 0 0
-0.235831 2.25478 -1.00678 -0.968157 0 0.250343 0 0
-0.181353 2.25478 -1.02087 0.968145 0 -0.250392 0 0
-0.181353 2.25478 -1.02087 0.757629 0.622578 -0.195946 0 0
-0.181353 2.25478 -1.02087 -0.250396 -5.74462e-005 -0.968143 0 0
-0.21656 2.2798 -1.01176 0 1 0 0 0
-0.21656 2.2798 -1.01176 -0.250889 0.000567024 -0.968016 0 0
-0.21656 2.2798 -1.01176 -0.757638 0.62256 0.19597 0 0
-0.200625 2.2798 -1.01589 0.757623 0.62259 -0.195931 0 0
-0.200625 2.2798 -1.01589 0 1 0 0 0
-0.200625 2.2798 -1.01589 -0.250642 0.000197343 -0.96808 0 0
-0.135004 2.22977 -0.992211 0.24202 -4.83063e-006 0.970271 0 0
-0.135004 2.22977 -0.992211 0 -1 0 0 0
-0.135004 2.22977 -0.992211 -0.970308 3.87337e-005 0.241873 0 0
-0.0804039 2.22977 -1.00583 0.970288 0 -0.241955 0 0
-0.0804039 2.22977 -1.00583 0.242018 0 0.970272 0 0
-0.0804039 2.22977 -1.00583 0 -1 0 0 0
-0.135003 2.25478 -0.992211 0.242007 -4.34597e-005 0.970275 0 0
-0.135003 2.25478 -0.992211 -0.759312 0.622585 0.189297 0 0
-0.135003 2.25478 -0.992211 -0.970305 1.93668e-005 0.241885 0 0
-0.0804039 2.25478 -1.00583 0.970288 0 -0.241955 0 0
-0.0804039 2.25478 -1.00583 0.759276 0.622614 -0.189345 0 0
-0.0804039 2.25478 -1.00583 0.242021 -3.48388e-005 0.970271 0 0
-0.115689 2.2798 -0.997027 0.241976 -2.58627e-005 0.970282 0 0
-0.115689 2.2798 -0.997027 0 1 0 0 0
-0.115689 2.2798 -0.997027 -0.759319 0.622571 0.189314 0 0
-0.099718 2.2798 -1.00101 0.75928 0.622606 -0.189355 0 0
-0.099718 2.2798 -1.00101 0.241999 -6.03589e-005 0.970277 0 0
-0.099718 2.2798 -1.00101 0 1 0 0 0
-0.144369 2.22977 -1.02978 0 -1 0 0 0
-0.144369 2.22977 -1.02978 -0.241871 0 -0.970309 0 0
-0.144369 2.22977 -1.02978 -0.970305 1.93668e-005 0.241885 0 0
-0.08977 2.22977 -1.04339 0.970288 0 -0.241955 0 0
-0.08977 2.22977 -1.04339 0 -1 0 0 0
-0.08977 2.22977 -1.04339 -0.241871 0 -0.970309 0 0
-0.144369 2.25478 -1.02978 -0.241855 0.000113164 -0.970312 0 0
-0.144369 2.25478 -1.02978 -0.759319 0.622571 0.189314 0 0
-0.144369 2.25478 -1.02978 -0.970302 0 0.241897 0 0
-0.08977 2.25478 -1.04339 0.970288 0 -0.241955 0 0
-0.08977 2.25478 -1.04339 0.759272 0.622622 -0.189335 0 0
-0.08977 2.25478 -1.04339 -0.241871 6.85173e-005 -0.970308 0 0
-0.125055 2.2798 -1.03459 0 1 0 0 0
-0.125055 2.2798 -1.03459 -0.241823 0.00013394 -0.97032 0 0
-0.125055 2.2798 -1.03459 -0.759326 0.622557 0.189331 0 0
-0.109085 2.2798 -1.03857 0.759276 0.622614 -0.189345 0 0
-0.109085 2.2798 -1.03857 0 1 0 0 0
-0.109085 2.2798 -1.03857 -0.241847 0.000169746 -0.970315 0 0
-0.531489 2.22977 -0.755055 0.707094 -1.43243e-005 0.70712 0 0
-0.531489 2.22977 -0.755055 0 -1 0 0 0
-0.531489 2.22977 -0.755055 -0.707094 -2.86488e-005 0.70712 0 0
-0.491699 2.22977 -0.794843 0.70712 0 -0.707094 0 0
-0.491699 2.22977 -0.794843 0.707089 0 0.707124 0 0
-0.491699 2.22977 -0.794843 0 -1 0 0 0
-0.531489 2.25478 -0.755054 0.707101 -2.28348e-005 0.707112 0 0
-0.531489 2.25478 -0.755054 -0.553344 0.622592 0.553344 0 0
-0.531489 2.25478 -0.755054 -0.7071 -1.43244e-005 0.707113 0 0
-0.491699 2.25478 -0.794843 0.70712 0 -0.707094 0 0
-0.491699 2.25478 -0.794843 0.707095 -1.32891e-005 0.707118 0 0
-0.491699 2.25478 -0.794843 0.553353 0.622586 -0.553342 0 0
-0.517413 2.2798 -0.769129 0.707107 -2.86371e-005 0.707107 0 0
-0.517413 2.2798 -0.769129 0 1 0 0 0
-0.517413 2.2798 -0.769129 -0.553344 0.622592 0.553344 0 0
-0.505774 2.2798 -0.780768 0.707103 -1.99279e-005 0.707111 0 0
-0.505774 2.2798 -0.780768 0.553351 0.622579 -0.553351 0 0
-0.505774 2.2798 -0.780768 0 1 0 0 0
-0.558865 2.22977 -0.78243 0 -1 0 0 0
-0.558865 2.22977 -0.78243 -0.707089 0 -0.707124 0 0
-0.558865 2.22977 -0.78243 -0.7071 -1.43244e-005 0.707113 0 0
-0.519074 2.22977 -0.822219 0.70712 0 -0.707094 0 0
-0.519074 2.22977 -0.822219 0 -1 0 0 0
-0.519074 2.22977 -0.822219 -0.707089 0 -0.707124 0 0
-0.558865 2.25478 -0.78243 -0.553344 0.622592 0.553344 0 0
-0.558865 2.25478 -0.78243 -0.707095 7.11636e-006 -0.707118 0 0
-0.558865 2.25478 -0.78243 -0.707107 0 0.707107 0 0
-0.519074 2.25478 -0.822219 0.70712 0 -0.707094 0 0
-0.519074 2.25478 -0.822219 0.553354 0.622593 -0.553333 0 0
-0.519074 2.25478 -0.822219 -0.707089 -2.42933e-006 -0.707124 0 0
-0.544789 2.2798 -0.796505 0 1 0 0 0
-0.544789 2.2798 -0.796505 -0.553344 0.622592 0.553344 0 0
-0.544789 2.2798 -0.796505 -0.707107 2.86371e-005 -0.707107 0 0
-0.53315 2.2798 -0.808144 0.553353 0.622586 -0.553342 0 0
-0.53315 2.2798 -0.808144 0 1 0 0 0
-0.53315 2.2798 -0.808144 -0.707098 1.06745e-005 -0.707116 0 0
-0.464824 2.22977 -0.819741 0.694666 0 0.719332 0 0
-0.464824 2.22977 -0.819741 0 -1 0 0 0
-0.464824 2.22977 -0.819741 -0.71932 0 0.694678 0 0
-0.424346 2.22977 -0.858831 0.719327 -1.40724e-005 -0.694671 0 0
-0.424346 2.22977 -0.858831 0.694666 0 0.719332 0 0
-0.424346 2.22977 -0.858831 0 -1 0 0 0
-0.464824 2.25478 -0.819741 0.694676 -3.99096e-005 0.719322 0 0
-0.464824 2.25478 -0.819741 -0.5629 0.622596 0.543616 0 0
-0.464824 2.25478 -0.819741 -0.71932 0 0.694678 0 0
-0.424346 2.25478 -0.858831 0.719334 0 -0.694665 0 0
-0.424346 2.25478 -0.858831 0.694666 -9.55443e-006 0.719332 0 0
-0.424346 2.25478 -0.858831 0.562911 0.622603 -0.543597 0 0
-0.450504 2.2798 -0.833568 0.694697 -9.10656e-005 0.719303 0 0
-0.450504 2.2798 -0.833568 0 1 0 0 0
-0.450504 2.2798 -0.833568 -0.562903 0.622616 0.54359 0 0
-0.438665 2.2798 -0.845002 0.694682 -5.98644e-005 0.719317 0 0
-0.438665 2.2798 -0.845002 0.562912 0.622609 -0.543588 0 0
-0.438665 2.2798 -0.845002 0 1 0 0 0
-0.491718 2.22977 -0.847589 0 -1 0 0 0
-0.491718 2.22977 -0.847589 -0.694652 -1.45722e-005 -0.719346 0 0
-0.491718 2.22977 -0.847589 -0.71932 0 0.694678 0 0
-0.451239 2.22977 -0.886678 0.719321 -2.81447e-005 -0.694678 0 0
-0.451239 2.22977 -0.886678 0 -1 0 0 0
-0.451239 2.22977 -0.886678 -0.694648 -2.91443e-005 -0.71935 0 0
-0.491718 2.25478 -0.847589 -0.562903 0.622616 0.54359 0 0
-0.491718 2.25478 -0.847589 -0.694639 -3.045e-005 -0.719359 0 0
-0.491718 2.25478 -0.847589 -0.71932 0 0.694678 0 0
-0.451239 2.25478 -0.886679 0.719327 -1.40724e-005 -0.694671 0 0
-0.451239 2.25478 -0.886679 0.56291 0.622596 -0.543606 0 0
-0.451239 2.25478 -0.886679 -0.694654 -6.55377e-006 -0.719344 0 0
-0.477398 2.2798 -0.861419 0 1 0 0 0
-0.477398 2.2798 -0.861419 -0.562906 0.622636 0.543563 0 0
-0.477398 2.2798 -0.861419 -0.694603 -0.000100833 -0.719394 0 0
-0.465558 2.2798 -0.872851 0.562911 0.622603 -0.543597 0 0
-0.465558 2.2798 -0.872851 0 1 0 0 0
-0.465558 2.2798 -0.872851 -0.69463 -4.5675e-005 -0.719367 0 0
-0.680969 2.22977 -0.4358 0.97815 4.21157e-006 0.207901 0 0
-0.680969 2.22977 -0.4358 0 -1 0 0 0
-0.680969 2.22977 -0.4358 -0.207924 3.96293e-005 0.978145 0 0
-0.66927 2.22977 -0.490843 0.97815 0 0.207899 0 0
-0.66927 2.22977 -0.490843 0.207874 0 -0.978156 0 0
-0.66927 2.22977 -0.490843 0 -1 0 0 0
-0.680969 2.25478 -0.435801 0.978149 -1.02646e-005 0.207903 0 0
-0.680969 2.25478 -0.435801 -0.16269 0.622598 0.765444 0 0
-0.680969 2.25478 -0.435801 -0.207912 1.98147e-005 0.978148 0 0
-0.66927 2.25478 -0.490843 0.97815 -3.84933e-006 0.207902 0 0
-0.66927 2.25478 -0.490843 0.207874 0 -0.978156 0 0
-0.66927 2.25478 -0.490843 0.162693 0.622575 -0.765462 0 0
-0.67683 2.2798 -0.455272 0.978149 -1.92459e-005 0.207903 0 0
-0.67683 2.2798 -0.455272 0 1 0 0 0
-0.67683 2.2798 -0.455272 -0.16269 0.622598 0.765444 0 0
-0.673408 2.2798 -0.471372 0.978149 -1.96085e-005 0.207903 0 0
-0.673408 2.2798 -0.471372 0.16271 0.622594 -0.765443 0 0
-0.673408 2.2798 -0.471372 0 1 0 0 0
-0.718839 2.22977 -0.44385 0 -1 0 0 0
-0.718839 2.22977 -0.44385 -0.207912 1.98147e-005 0.978148 0 0
-0.718839 2.22977 -0.44385 -0.978149 0 -0.207907 0 0
-0.70714 2.22977 -0.498891 0.207874 0 -0.978156 0 0
-0.70714 2.22977 -0.498891 0 -1 0 0 0
-0.70714 2.22977 -0.498891 -0.978149 0 -0.207907 0 0
-0.718839 2.25478 -0.44385 -0.16269 0.622598 0.765444 0 0
-0.718839 2.25478 -0.44385 -0.207899 0 0.97815 0 0
-0.718839 2.25478 -0.44385 -0.97815 1.18287e-005 -0.207901 0 0
-0.70714 2.25478 -0.498891 0.207874 0 -0.978156 0 0
-0.70714 2.25478 -0.498891 0.162677 0.622556 -0.76548 0 0
-0.70714 2.25478 -0.498891 -0.978149 2.11911e-006 -0.207907 0 0
-0.7147 2.2798 -0.463321 0 1 0 0 0
-0.7147 2.2798 -0.463321 -0.16269 0.622598 0.765444 0 0
-0.7147 2.2798 -0.463321 -0.978152 2.91287e-005 -0.207891 0 0
-0.711278 2.2798 -0.479422 0.162693 0.622575 -0.765462 0 0
-0.711278 2.2798 -0.479422 0 1 0 0 0
-0.711278 2.2798 -0.479422 -0.97815 1.7743e-005 -0.207899 0 0
-0.661635 2.22977 -0.526771 0.978146 0 0.20792 0 0
-0.661635 2.22977 -0.526771 0 -1 0 0 0
-0.661635 2.22977 -0.526771 -0.207905 0 0.978149 0 0
-0.649935 2.22977 -0.581813 0.978146 0 0.20792 0 0
-0.649935 2.22977 -0.581813 0.207904 0 -0.978149 0 0
-0.649935 2.22977 -0.581813 0 -1 0 0 0
-0.661635 2.25478 -0.526771 0.978145 -3.32708e-006 0.207923 0 0
-0.661635 2.25478 -0.526771 -0.162694 0.622598 0.765443 0 0
-0.661635 2.25478 -0.526771 -0.207905 0 0.978149 0 0
-0.649935 2.25478 -0.581813 0.978146 -3.6013e-006 0.20792 0 0
-0.649935 2.25478 -0.581813 0.207904 0 -0.978149 0 0
-0.649935 2.25478 -0.581813 0.16271 0.622616 -0.765425 0 0
-0.657496 2.2798 -0.546242 0.978144 8.22653e-007 0.207928 0 0
-0.657496 2.2798 -0.546242 0 1 0 0 0
-0.657496 2.2798 -0.546242 -0.162694 0.622598 0.765443 0 0
-0.654074 2.2798 -0.56234 0.978145 -4.99062e-006 0.207924 0 0
-0.654074 2.2798 -0.56234 0.162726 0.622635 -0.765406 0 0
-0.654074 2.2798 -0.56234 0 1 0 0 0
-0.699504 2.22977 -0.53482 0 -1 0 0 0
-0.699504 2.22977 -0.53482 -0.207905 0 0.978149 0 0
-0.699504 2.22977 -0.53482 -0.978146 0 -0.207919 0 0
-0.687804 2.22977 -0.589862 0.207904 0 -0.978149 0 0
-0.687804 2.22977 -0.589862 0 -1 0 0 0
-0.687804 2.22977 -0.589862 -0.978146 0 -0.207919 0 0
-0.699504 2.25478 -0.53482 -0.162694 0.622598 0.765443 0 0
-0.699504 2.25478 -0.53482 -0.207905 0 0.978149 0 0
-0.699504 2.25478 -0.53482 -0.978147 5.1328e-006 -0.207913 0 0
-0.687804 2.25478 -0.589862 0.207904 0 -0.978149 0 0
-0.687804 2.25478 -0.589862 0.162694 0.622598 -0.765443 0 0
-0.687804 2.25478 -0.589862 -0.978146 -2.12207e-006 -0.207919 0 0
-0.695365 2.2798 -0.554291 0 1 0 0 0
-0.695365 2.2798 -0.554291 -0.162694 0.622598 0.765443 0 0
-0.695365 2.2798 -0.554291 -0.97815 2.17646e-005 -0.2079 0 0
-0.691943 2.2798 -0.570391 0.16271 0.622616 -0.765425 0 0
-0.691943 2.2798 -0.570391 0 1 0 0 0
-0.691943 2.2798 -0.570391 -0.978148 7.69919e-006 -0.20791 0 0
-0.641134 2.22977 -0.0574839 0.958821 0 -0.284012 0 0
-0.641134 2.22977 -0.0574839 0.283991 0 0.958827 0 0
-0.641134 2.22977 -0.0574839 0 -1 0 0 0
-0.657116 2.22977 -0.111439 0.958821 0 -0.284012 0 0
-0.657116 2.22977 -0.111439 0 -1 0 0 0
-0.657116 2.22977 -0.111439 -0.283998 0 -0.958825 0 0
-0.641134 2.25478 -0.0574839 0.958825 5.34818e-006 -0.283998 0 0
-0.641134 2.25478 -0.0574839 0.283991 0 0.958827 0 0
-0.641134 2.25478 -0.0574839 0.222229 0.622622 0.750304 0 0
-0.657116 2.25478 -0.111439 0.958821 -7.73435e-006 -0.284012 0 0
-0.657116 2.25478 -0.111439 -0.222253 0.622607 -0.750309 0 0
-0.657116 2.25478 -0.111439 -0.283998 0 -0.958825 0 0
-0.646788 2.2798 -0.0765714 0.958833 3.92476e-005 -0.283971 0 0
-0.646788 2.2798 -0.0765714 0.222254 0.622602 0.750314 0 0
-0.646788 2.2798 -0.0765714 0 1 0 0 0
-0.651462 2.2798 -0.0923531 0.958827 8.02228e-006 -0.283992 0 0
-0.651462 2.2798 -0.0923531 0 1 0 0 0
-0.651462 2.2798 -0.0923531 -0.222271 0.622592 -0.750316 0 0
-0.678255 2.22977 -0.0464892 0.283991 0 0.958827 0 0
-0.678255 2.22977 -0.0464892 0 -1 0 0 0
-0.678255 2.22977 -0.0464892 -0.95882 0 0.284014 0 0
-0.694237 2.22977 -0.100444 0 -1 0 0 0
-0.694237 2.22977 -0.100444 -0.283998 0 -0.958825 0 0
-0.694237 2.22977 -0.100444 -0.95882 0 0.284014 0 0
-0.678255 2.25478 -0.0464892 0.283991 0 0.958827 0 0
-0.678255 2.25478 -0.0464892 0.222254 0.622602 0.750314 0 0
-0.678255 2.25478 -0.0464892 -0.958819 9.63863e-006 0.284018 0 0
-0.694237 2.25478 -0.100444 -0.222235 0.622622 -0.750303 0 0
-0.694237 2.25478 -0.100444 -0.283998 0 -0.958825 0 0
-0.694237 2.25478 -0.100444 -0.95882 1.29741e-006 0.284014 0 0
-0.683908 2.2798 -0.0655748 0.222279 0.622581 0.750323 0 0
-0.683908 2.2798 -0.0655748 0 1 0 0 0
-0.683908 2.2798 -0.0655748 -0.958816 2.50236e-005 0.284028 0 0
-0.688583 2.2798 -0.0813565 0 1 0 0 0
-0.688583 2.2798 -0.0813565 -0.222253 0.622607 -0.750309 0 0
-0.688583 2.2798 -0.0813565 -0.958818 1.44579e-005 0.284021 0 0
-0.66755 2.22977 -0.146656 0.958819 0 -0.284018 0 0
-0.66755 2.22977 -0.146656 0.283998 0 0.958825 0 0
-0.66755 2.22977 -0.146656 0 -1 0 0 0
-0.683532 2.22977 -0.20061 0.958819 0 -0.284018 0 0
-0.683532 2.22977 -0.20061 0 -1 0 0 0
-0.683532 2.22977 -0.20061 -0.284021 0 -0.958818 0 0
-0.66755 2.25478 -0.146656 0.958822 -5.15447e-006 -0.284008 0 0
-0.66755 2.25478 -0.146656 0.283998 0 0.958825 0 0
-0.66755 2.25478 -0.146656 0.222246 0.62257 0.750342 0 0
-0.683532 2.25478 -0.20061 0.958819 -9.69285e-006 -0.284018 0 0
-0.683532 2.25478 -0.20061 -0.222271 0.622585 -0.750322 0 0
-0.683532 2.25478 -0.20061 -0.284021 0 -0.958818 0 0
-0.673203 2.2798 -0.165741 0.958827 1.36151e-005 -0.283989 0 0
-0.673203 2.2798 -0.165741 0.222235 0.622579 0.750338 0 0
-0.673203 2.2798 -0.165741 0 1 0 0 0
-0.677878 2.2798 -0.181525 0.958823 -7.7317e-006 -0.284003 0 0
-0.677878 2.2798 -0.181525 0 1 0 0 0
-0.677878 2.2798 -0.181525 -0.222283 0.622576 -0.750327 0 0
-0.704671 2.22977 -0.135661 0.283998 0 0.958825 0 0
-0.704671 2.22977 -0.135661 0 -1 0 0 0
-0.704671 2.22977 -0.135661 -0.958818 0 0.284022 0 0
-0.720653 2.22977 -0.189614 0 -1 0 0 0
-0.720653 2.22977 -0.189614 -0.284021 0 -0.958818 0 0
-0.720653 2.22977 -0.189614 -0.958818 0 0.284022 0 0
-0.704671 2.25478 -0.135661 0.283998 0 0.958825 0 0
-0.704671 2.25478 -0.135661 0.222235 0.622579 0.750338 0 0
-0.704671 2.25478 -0.135661 -0.958816 1.75347e-005 0.284028 0 0
-0.720653 2.25478 -0.189614 -0.22226 0.622594 -0.750318 0 0
-0.720653 2.25478 -0.189614 -0.284021 0 -0.958818 0 0
-0.720653 2.25478 -0.189614 -0.958818 4.52232e-006 0.284022 0 0
-0.710324 2.2798 -0.154747 0.222224 0.622588 0.750333 0 0
-0.710324 2.2798 -0.154747 0 1 0 0 0
-0.710324 2.2798 -0.154747 -0.958813 3.90372e-005 0.284039 0 0
-0.714999 2.2798 -0.170528 0 1 0 0 0
-0.714999 2.2798 -0.170528 -0.222271 0.622585 -0.750322 0 0
-0.714999 2.2798 -0.170528 -0.958815 2.63021e-005 0.284031 0 0
-0.427077 2.22977 0.227301 0.74315 0 0.669125 0 0
-0.427077 2.22977 0.227301 0.66912 0 -0.743155 0 0
-0.427077 2.22977 0.227301 0 -1 0 0 0
-0.468895 2.22977 0.189649 0.66912 0 -0.743155 0 0
-0.468895 2.22977 0.189649 0 -1 0 0 0
-0.468895 2.22977 0.189649 -0.74315 0 -0.669125 0 0
-0.427077 2.25478 0.227301 0.74315 0 0.669125 0 0
-0.427077 2.25478 0.227301 0.669137 2.87665e-005 -0.743139 0 0
-0.427077 2.25478 0.227301 0.58156 0.622574 0.523631 0 0
-0.468895 2.25478 0.189649 0.66912 -2.86486e-006 -0.743155 0 0
-0.468895 2.25478 0.189649 -0.581551 0.622574 -0.523641 0 0
-0.468895 2.25478 0.189649 -0.74315 0 -0.669125 0 0
-0.44187 2.2798 0.213983 0.669173 9.4894e-005 -0.743107 0 0
-0.44187 2.2798 0.213983 0.581535 0.622594 0.523635 0 0
-0.44187 2.2798 0.213983 0 1 0 0 0
-0.454102 2.2798 0.202968 0.669146 4.31497e-005 -0.743131 0 0
-0.454102 2.2798 0.202968 0 1 0 0 0
-0.454102 2.2798 0.202968 -0.581535 0.622587 -0.523644 0 0
-0.452983 2.22977 0.256073 0.74315 0 0.669125 0 0
-0.452983 2.22977 0.256073 0 -1 0 0 0
-0.452983 2.22977 0.256073 -0.66912 0 0.743155 0 0
-0.494801 2.22977 0.218421 0 -1 0 0 0
-0.494801 2.22977 0.218421 -0.66912 0 0.743155 0 0
-0.494801 2.22977 0.218421 -0.74315 0 -0.669125 0 0
-0.452983 2.25478 0.256073 0.74315 0 0.669125 0 0
-0.452983 2.25478 0.256073 0.581535 0.622594 0.523635 0 0
-0.452983 2.25478 0.256073 -0.669126 3.26096e-005 0.743149 0 0
-0.494801 2.25478 0.218421 -0.581568 0.622562 -0.523637 0 0
-0.494801 2.25478 0.218421 -0.66912 2.26344e-005 0.743155 0 0
-0.494801 2.25478 0.218421 -0.74315 0 -0.669125 0 0
-0.467776 2.2798 0.242752 0.58151 0.622613 0.52364 0 0
-0.467776 2.2798 0.242752 0 1 0 0 0
-0.467776 2.2798 0.242752 -0.669139 2.99254e-005 0.743137 0 0
-0.480008 2.2798 0.231738 0 1 0 0 0
-0.480008 2.2798 0.231738 -0.581551 0.622574 -0.523641 0 0
-0.480008 2.2798 0.231738 -0.669129 4.89144e-005 0.743146 0 0
-0.496192 2.22977 0.165074 0.743116 2.92217e-005 0.669163 0 0
-0.496192 2.22977 0.165074 0.669144 1.31565e-005 -0.743133 0 0
-0.496192 2.22977 0.165074 0 -1 0 0 0
-0.53801 2.22977 0.12742 0.669139 0 -0.743137 0 0
-0.53801 2.22977 0.12742 0 -1 0 0 0
-0.53801 2.22977 0.12742 -0.743139 0 -0.669137 0 0
-0.496193 2.25478 0.165074 0.743122 1.46108e-005 0.669156 0 0
-0.496193 2.25478 0.165074 0.669123 -2.78342e-005 -0.743152 0 0
-0.496193 2.25478 0.165074 0.581529 0.622598 0.523636 0 0
-0.53801 2.25478 0.12742 0.669145 1.54101e-005 -0.743132 0 0
-0.53801 2.25478 0.12742 -0.581528 0.622606 -0.523628 0 0
-0.53801 2.25478 0.12742 -0.743139 0 -0.669137 0 0
-0.510985 2.2798 0.151753 0.669072 -0.000129733 -0.743198 0 0
-0.510985 2.2798 0.151753 0.581544 0.622587 0.523633 0 0
-0.510985 2.2798 0.151753 0 1 0 0 0
-0.523217 2.2798 0.140741 0.66911 -5.49078e-005 -0.743164 0 0
-0.523217 2.2798 0.140741 0 1 0 0 0
-0.523217 2.2798 0.140741 -0.581519 0.622613 -0.52363 0 0
-0.522098 2.22977 0.193843 0.743122 1.46108e-005 0.669156 0 0
-0.522098 2.22977 0.193843 0 -1 0 0 0
-0.522098 2.22977 0.193843 -0.66912 0 0.743155 0 0
-0.563916 2.22977 0.156191 0 -1 0 0 0
