MSHX1
GROUPS 37
LABEL Tube01
MATERIAL 5
TEXTURE 2
GEOM 264 288 ; Tube01
0.00444305 1.52566 -0.785554 0 -1 0 0 0
0.00444305 1.52566 -0.785554 -0.0438427 0 -0.999039 0 0
0.00444305 1.93394 -0.785554 0.0438428 0 -0.999039 0 0
0.00444305 1.93394 -0.785554 -0.0106378 -0.970117 -0.242403 0 0
0.00444305 1.9933 -1.02312 0.0106379 -0.970117 -0.242403 0 0
0.00444305 1.9933 -1.02312 0 1 0 0 0
0.00444305 1.9933 -0.923779 0.00676111 0.988036 0.154077 0 0
0.00444305 1.93394 -0.738161 0.0438392 0 0.999039 0 0
0.00444305 1.93394 -0.738161 -0.0133655 0.952395 0.304573 0 0
0.00444305 1.52566 -0.738161 0 -1 0 0 0
0.00444305 1.52566 -0.738161 -0.0438395 0 0.999039 0 0
-0.116601 1.52566 -0.769618 0 -1 0 0 0
-0.116601 1.52566 -0.769618 -0.300916 0 -0.953651 0 0
-0.116601 1.93394 -0.769618 -0.0730134 -0.970117 -0.23139 0 0
-0.116601 1.93394 -0.769618 -0.216222 0 -0.976344 0 0
-0.178087 1.9933 -0.999087 0 1 0 0 0
-0.178087 1.9933 -0.999087 -0.0524635 -0.970117 -0.236897 0 0
-0.152377 1.9933 -0.903134 0.0464087 0.988036 0.147077 0 0
-0.104335 1.93394 -0.723841 0.300912 0 0.953652 0 0
-0.104335 1.93394 -0.723841 0.0659168 0.952395 0.297655 0 0
-0.104335 1.52566 -0.723841 0.216215 0 0.976346 0 0
-0.104335 1.52566 -0.723841 0 -1 0 0 0
-0.229397 1.52566 -0.722897 0 -1 0 0 0
-0.229397 1.52566 -0.722897 -0.537491 0 -0.84327 0 0
-0.229397 1.93394 -0.722897 -0.130415 -0.970117 -0.204608 0 0
-0.229397 1.93394 -0.722897 -0.46155 0 -0.887114 0 0
-0.348179 1.9933 -0.928633 0 1 0 0 0
-0.348179 1.9933 -0.928633 -0.111989 -0.970117 -0.215246 0 0
-0.298509 1.9933 -0.842604 0.0828947 0.988036 0.130053 0 0
-0.2057 1.93394 -0.681855 0.537493 0 0.843268 0 0
-0.2057 1.93394 -0.681855 0.140712 0.952395 0.270451 0 0
-0.2057 1.52566 -0.681855 0.461551 0 0.887114 0 0
-0.2057 1.52566 -0.681855 0 -1 0 0 0
-0.326255 1.52566 -0.648574 0 -1 0 0 0
-0.326255 1.52566 -0.648574 -0.737431 0 -0.675423 0 0
-0.326255 1.93394 -0.648574 -0.178926 -0.970118 -0.163882 0 0
-0.326255 1.93394 -0.648574 -0.67543 0 -0.737424 0 0
-0.494239 1.9933 -0.816556 0 1 0 0 0
-0.494239 1.9933 -0.816556 -0.163883 -0.970117 -0.178927 0 0
-0.423997 1.9933 -0.746314 0.113729 0.988036 0.104167 0 0
-0.292744 1.93394 -0.615062 0.737431 0 0.675422 0 0
-0.292744 1.93394 -0.615062 0.205915 0.952395 0.224816 0 0
-0.292744 1.52566 -0.615062 0.675433 0 0.737422 0 0
-0.292744 1.52566 -0.615062 0 -1 0 0 0
-0.400578 1.52566 -0.551714 0 -1 0 0 0
-0.400578 1.52566 -0.551714 -0.887112 0 -0.461554 0 0
-0.400578 1.93394 -0.551714 -0.215245 -0.970118 -0.111988 0 0
-0.400578 1.93394 -0.551714 -0.843271 0 -0.537488 0 0
-0.606316 1.9933 -0.670497 0 1 0 0 0
-0.606316 1.9933 -0.670497 -0.204607 -0.970118 -0.130414 0 0
-0.520286 1.9933 -0.620827 0.136815 0.988036 0.0711819 0 0
-0.359535 1.93394 -0.528018 0.887116 0 0.461547 0 0
-0.359535 1.93394 -0.528018 0.257084 0.952396 0.16386 0 0
-0.359535 1.52566 -0.528018 0.843274 0 0.537485 0 0
-0.359535 1.52566 -0.528018 0 -1 0 0 0
-0.4473 1.52566 -0.438919 0 -1 0 0 0
-0.4473 1.52566 -0.438919 -0.976345 0 -0.21622 0 0
-0.4473 1.93394 -0.438919 -0.236896 -0.970118 -0.0524629 0 0
-0.4473 1.93394 -0.438919 -0.953649 0 -0.30092 0 0
-0.67677 1.9933 -0.500405 0 1 0 0 0
-0.67677 1.9933 -0.500405 -0.231389 -0.970118 -0.0730134 0 0
-0.580816 1.9933 -0.474695 0.150575 0.988036 0.0333472 0 0
-0.401521 1.93394 -0.426653 0.976343 0 0.216226 0 0
-0.401521 1.93394 -0.426653 0.290733 0.952396 0.0917396 0 0
-0.401521 1.52566 -0.426653 0.95365 0 0.300917 0 0
-0.401521 1.52566 -0.426653 0 -1 0 0 0
-0.463235 1.52566 -0.317875 0 -1 0 0 0
-0.463235 1.52566 -0.317875 -0.999039 0 0.0438407 0 0
-0.463235 1.93394 -0.317875 -0.242402 -0.970118 0.0106375 0 0
-0.463235 1.93394 -0.317875 -0.999039 0 -0.0438396 0 0
-0.7008 1.9933 -0.317875 0 1 0 0 0
-0.7008 1.9933 -0.317875 -0.242402 -0.970118 -0.0106371 0 0
-0.601462 1.9933 -0.317875 0.154076 0.988036 -0.0067621 0 0
-0.415843 1.93394 -0.317875 0.999038 0 -0.0438461 0 0
-0.415843 1.93394 -0.317875 0.304571 0.952396 0.0133658 0 0
-0.415843 1.52566 -0.317875 0.999038 0 0.0438449 0 0
-0.415843 1.52566 -0.317875 0 -1 0 0 0
-0.4473 1.52566 -0.196832 0 -1 0 0 0
-0.4473 1.52566 -0.196832 -0.95365 0 0.300917 0 0
-0.4473 1.93394 -0.196832 -0.231389 -0.970118 0.0730129 0 0
-0.4473 1.93394 -0.196832 -0.976345 0 0.216219 0 0
-0.67677 1.9933 -0.135347 0 1 0 0 0
-0.67677 1.9933 -0.135347 -0.236896 -0.970118 0.0524624 0 0
-0.580816 1.9933 -0.161057 0.147076 0.988036 -0.0464083 0 0
-0.401521 1.93394 -0.209098 0.953651 0 -0.300916 0 0
-0.401521 1.93394 -0.209098 0.297652 0.952396 -0.0659187 0 0
-0.401521 1.52566 -0.209098 0.976343 0 -0.216226 0 0
-0.401521 1.52566 -0.209098 0 -1 0 0 0
-0.400578 1.52566 -0.0840358 0 -1 0 0 0
-0.400578 1.52566 -0.0840358 -0.843269 0 0.537492 0 0
-0.400578 1.93394 -0.0840358 -0.204607 -0.970118 0.130415 0 0
-0.400578 1.93394 -0.0840358 -0.887112 0 0.461554 0 0
-0.606316 1.9933 0.0347457 0 1 0 0 0
-0.606316 1.9933 0.0347457 -0.215245 -0.970118 0.111989 0 0
-0.520286 1.9933 -0.014923 0.130053 0.988036 -0.0828935 0 0
-0.359535 1.93394 -0.107733 0.843271 0 -0.537488 0 0
-0.359535 1.93394 -0.107733 0.270449 0.952396 -0.14071 0 0
-0.359535 1.52566 -0.107733 0.887116 0 -0.461547 0 0
-0.359535 1.52566 -0.107733 0 -1 0 0 0
-0.326255 1.52566 0.0128223 0 -1 0 0 0
-0.326255 1.52566 0.0128223 -0.675429 0 0.737425 0 0
-0.326255 1.93394 0.0128223 -0.163883 -0.970117 0.178926 0 0
-0.326255 1.93394 0.0128223 -0.737427 0 0.675427 0 0
-0.494239 1.9933 0.180805 0 1 0 0 0
-0.494239 1.9933 0.180805 -0.178926 -0.970117 0.163883 0 0
-0.423997 1.9933 0.110564 0.104167 0.988036 -0.113729 0 0
-0.292744 1.93394 -0.0206899 0.675429 0 -0.737425 0 0
-0.292744 1.93394 -0.0206899 0.224815 0.952396 -0.205912 0 0
-0.292744 1.52566 -0.0206899 0.737427 0 -0.675427 0 0
-0.292744 1.52566 -0.0206899 0 -1 0 0 0
-0.229397 1.52566 0.0871457 0 -1 0 0 0
-0.229397 1.52566 0.0871457 -0.461547 0 0.887116 0 0
-0.229397 1.93394 0.0871457 -0.111989 -0.970118 0.215245 0 0
-0.229397 1.93394 0.0871457 -0.53749 0 0.84327 0 0
-0.348179 1.9933 0.292882 0 1 0 0 0
-0.348179 1.9933 0.292882 -0.130415 -0.970117 0.204608 0 0
-0.298509 1.9933 0.206853 0.0711819 0.988036 -0.136816 0 0
-0.2057 1.93394 0.0461027 0.46155 0 -0.887114 0 0
-0.2057 1.93394 0.0461027 0.16386 0.952396 -0.257084 0 0
-0.2057 1.52566 0.0461027 0.537491 0 -0.843269 0 0
-0.2057 1.52566 0.0461027 0 -1 0 0 0
-0.116601 1.52566 0.133866 0 -1 0 0 0
-0.116601 1.52566 0.133866 -0.21623 0 0.976342 0 0
-0.116601 1.93394 0.133866 -0.0524637 -0.970118 0.236896 0 0
-0.116601 1.93394 0.133866 -0.300916 0 0.953651 0 0
-0.178087 1.9933 0.363337 0 1 0 0 0
-0.178087 1.9933 0.363337 -0.0730129 -0.970118 0.231389 0 0
-0.152377 1.9933 0.267382 0.0333468 0.988036 -0.150577 0 0
-0.104335 1.93394 0.0880887 0.216221 0 -0.976345 0 0
-0.104335 1.93394 0.0880887 0.0917388 0.952395 -0.290736 0 0
-0.104335 1.52566 0.0880887 0.300914 0 -0.953651 0 0
-0.104335 1.52566 0.0880887 0 -1 0 0 0
0.00444305 1.52566 0.149804 0.0438482 0 0.999038 0 0
0.00444305 1.52566 0.149804 0 -1 0 0 0
0.00444305 1.93394 0.149804 0.0106377 -0.970118 0.242402 0 0
0.00444305 1.93394 0.149804 -0.0438481 0 0.999038 0 0
0.00444305 1.9933 0.387368 0 1 0 0 0
0.00444305 1.9933 0.387368 -0.010639 -0.970118 0.242402 0 0
0.00444305 1.9933 0.288028 -0.00676162 0.988036 -0.154077 0 0
0.00444305 1.93394 0.10241 0.0133661 0.952395 -0.304573 0 0
0.00444305 1.93394 0.10241 -0.0438425 0 -0.999038 0 0
0.00444305 1.52566 0.10241 0.0438422 0 -0.999038 0 0
0.00444305 1.52566 0.10241 0 -1 0 0 0
0.125487 1.52566 0.133866 0.300918 0 0.95365 0 0
0.125487 1.52566 0.133866 0 -1 0 0 0
0.125487 1.93394 0.133866 0.216231 0 0.976342 0 0
0.125487 1.93394 0.133866 0.0730145 -0.970118 0.231389 0 0
0.186973 1.9933 0.363337 0.0524651 -0.970118 0.236895 0 0
0.186973 1.9933 0.363337 0 1 0 0 0
0.161263 1.9933 0.267382 -0.0464087 0.988036 -0.147077 0 0
0.113221 1.93394 0.0880887 -0.0659185 0.952395 -0.297654 0 0
0.113221 1.93394 0.0880887 -0.300915 0 -0.953651 0 0
0.113221 1.52566 0.0880887 0 -1 0 0 0
0.113221 1.52566 0.0880887 -0.216221 0 -0.976345 0 0
0.238282 1.52566 0.0871457 0.537486 0 0.843273 0 0
0.238282 1.52566 0.0871457 0 -1 0 0 0
0.238282 1.93394 0.0871457 0.461545 0 0.887117 0 0
0.238282 1.93394 0.0871457 0.130414 -0.970117 0.204609 0 0
0.357064 1.9933 0.292882 0.111989 -0.970117 0.215246 0 0
0.357064 1.9933 0.292882 0 1 0 0 0
0.307395 1.9933 0.206853 -0.0828938 0.988036 -0.130053 0 0
0.214586 1.93394 0.0461027 -0.140711 0.952395 -0.270451 0 0
0.214586 1.93394 0.0461027 -0.537491 0 -0.84327 0 0
0.214586 1.52566 0.0461027 0 -1 0 0 0
0.214586 1.52566 0.0461027 -0.46155 0 -0.887114 0 0
0.335142 1.52566 0.0128223 0.737428 0 0.675426 0 0
0.335142 1.52566 0.0128223 0 -1 0 0 0
0.335142 1.93394 0.0128223 0.675426 0 0.737427 0 0
0.335142 1.93394 0.0128223 0.178927 -0.970117 0.163883 0 0
0.503125 1.9933 0.180805 0.163883 -0.970117 0.178927 0 0
0.503125 1.9933 0.180805 0 1 0 0 0
0.432882 1.9933 0.110564 -0.113729 0.988036 -0.104167 0 0
0.30163 1.93394 -0.0206899 -0.205913 0.952396 -0.224816 0 0
0.30163 1.93394 -0.0206899 -0.737427 0 -0.675427 0 0
0.30163 1.52566 -0.0206899 0 -1 0 0 0
0.30163 1.52566 -0.0206899 -0.675429 0 -0.737425 0 0
0.409464 1.52566 -0.0840358 0.887116 0 0.461547 0 0
0.409464 1.52566 -0.0840358 0 -1 0 0 0
0.409464 1.93394 -0.0840358 0.843272 0 0.537486 0 0
0.409464 1.93394 -0.0840358 0.215246 -0.970118 0.111988 0 0
0.615201 1.9933 0.0347457 0.204608 -0.970117 0.130414 0 0
0.615201 1.9933 0.0347457 0 1 0 0 0
0.529171 1.9933 -0.014923 -0.136815 0.988036 -0.0711823 0 0
0.368421 1.93394 -0.107733 -0.257084 0.952396 -0.163861 0 0
0.368421 1.93394 -0.107733 -0.887116 0 -0.461547 0 0
0.368421 1.52566 -0.107733 0 -1 0 0 0
0.368421 1.52566 -0.107733 -0.843271 0 -0.537489 0 0
0.456185 1.52566 -0.196832 0.976344 0 0.216222 0 0
0.456185 1.52566 -0.196832 0 -1 0 0 0
0.456185 1.93394 -0.196832 0.953651 0 0.300915 0 0
0.456185 1.93394 -0.196832 0.236896 -0.970118 0.0524632 0 0
0.685655 1.9933 -0.135347 0.23139 -0.970118 0.0730131 0 0
0.685655 1.9933 -0.135347 0 1 0 0 0
0.589703 1.9933 -0.161057 -0.150575 0.988036 -0.0333468 0 0
0.410407 1.93394 -0.209098 -0.290733 0.952396 -0.0917392 0 0
0.410407 1.93394 -0.209098 -0.976345 0 -0.21622 0 0
0.410407 1.52566 -0.209098 0 -1 0 0 0
0.410407 1.52566 -0.209098 -0.953652 0 -0.300913 0 0
0.472121 1.52566 -0.317875 0.999039 0 -0.0438424 0 0
0.472121 1.52566 -0.317875 0 -1 0 0 0
0.472121 1.93394 -0.317875 0.999038 0 0.0438434 0 0
0.472121 1.93394 -0.317875 0.242402 -0.970118 -0.0106377 0 0
0.709686 1.9933 -0.317875 0.242402 -0.970118 0.010638 0 0
0.709686 1.9933 -0.317875 0 1 0 0 0
0.610348 1.9933 -0.317875 -0.154075 0.988036 0.00676176 0 0
0.424728 1.93394 -0.317875 -0.304569 0.952396 -0.0133655 0 0
0.424728 1.93394 -0.317875 -0.999038 0 0.0438418 0 0
0.424728 1.52566 -0.317875 0 -1 0 0 0
0.424728 1.52566 -0.317875 -0.999038 0 -0.043843 0 0
0.456185 1.52566 -0.438919 0.95365 0 -0.300918 0 0
0.456185 1.52566 -0.438919 0 -1 0 0 0
0.456185 1.93394 -0.438919 0.976344 0 -0.216223 0 0
0.456185 1.93394 -0.438919 0.231389 -0.970118 -0.0730133 0 0
0.685655 1.9933 -0.500405 0.236896 -0.970118 -0.0524634 0 0
0.685655 1.9933 -0.500405 0 1 0 0 0
0.589702 1.9933 -0.474695 -0.147076 0.988036 0.0464088 0 0
0.410407 1.93394 -0.426653 -0.297651 0.952396 0.0659178 0 0
0.410407 1.93394 -0.426653 -0.953651 0 0.300915 0 0
0.410407 1.52566 -0.426653 0 -1 0 0 0
0.410407 1.52566 -0.426653 -0.976345 0 0.216221 0 0
0.409464 1.52566 -0.551714 0.843273 0 -0.537486 0 0
0.409464 1.52566 -0.551714 0 -1 0 0 0
0.409464 1.93394 -0.551714 0.887114 0 -0.461549 0 0
0.409464 1.93394 -0.551714 0.204608 -0.970118 -0.130414 0 0
0.615201 1.9933 -0.670497 0.215245 -0.970118 -0.111989 0 0
0.615201 1.9933 -0.670497 0 1 0 0 0
0.529171 1.9933 -0.620828 -0.130053 0.988036 0.082894 0 0
0.368421 1.93394 -0.528018 -0.270449 0.952396 0.14071 0 0
0.368421 1.93394 -0.528018 -0.843273 0 0.537485 0 0
0.368421 1.52566 -0.528018 0 -1 0 0 0
0.368421 1.52566 -0.528018 -0.887116 0 0.461547 0 0
0.335141 1.52566 -0.648574 0.675427 -4.47773e-007 -0.737427 0 0
0.335141 1.52566 -0.648574 0 -1 0 0 0
0.335141 1.93394 -0.648574 0.73743 0 -0.675424 0 0
0.335141 1.93394 -0.648574 0.163883 -0.970117 -0.178926 0 0
0.503125 1.9933 -0.816556 0.178927 -0.970117 -0.163883 0 0
0.503125 1.9933 -0.816556 0 1 0 0 0
0.432882 1.9933 -0.746314 -0.104167 0.988036 0.11373 0 0
0.30163 1.93394 -0.615062 -0.224816 0.952395 0.205914 0 0
0.30163 1.93394 -0.615062 -0.675429 -1.28381e-006 0.737425 0 0
0.30163 1.52566 -0.615062 0 -1 0 0 0
0.30163 1.52566 -0.615062 -0.737431 0 0.675422 0 0
0.238281 1.52566 -0.722897 0.46155 -7.29253e-007 -0.887114 0 0
0.238281 1.52566 -0.722897 0 -1 0 0 0
0.238282 1.93394 -0.722897 0.537488 -7.29253e-007 -0.843272 0 0
0.238282 1.93394 -0.722897 0.111989 -0.970117 -0.215246 0 0
0.357064 1.9933 -0.928633 0.130415 -0.970117 -0.204608 0 0
0.357064 1.9933 -0.928633 0 1 0 0 0
0.307395 1.9933 -0.842604 -0.071183 0.988036 0.136814 0 0
0.214586 1.93394 -0.681853 -0.163862 0.952396 0.257083 0 0
0.214586 1.93394 -0.681853 -0.461551 -2.77884e-006 0.887113 0 0
0.214586 1.52566 -0.681855 0 -1 0 0 0
0.214586 1.52566 -0.681855 -0.537488 -2.77884e-006 0.843271 0 0
0.125487 1.52566 -0.769618 0.216224 0 -0.976344 0 0
0.125487 1.52566 -0.769618 0 -1 0 0 0
0.125487 1.93394 -0.769618 0.300918 -2.8148e-007 -0.95365 0 0
0.125487 1.93394 -0.769618 0.0524635 -0.970117 -0.236897 0 0
0.186973 1.9933 -0.999087 0.0730137 -0.970117 -0.23139 0 0
0.186973 1.9933 -0.999087 0 1 0 0 0
0.161263 1.9933 -0.903134 -0.0333463 0.988036 0.150577 0 0
0.113221 1.93394 -0.723841 -0.0917397 0.952395 0.290735 0 0
0.113221 1.93394 -0.723841 -0.21622 0 0.976345 0 0
0.113221 1.52566 -0.723841 0 -1 0 0 0
0.113221 1.52566 -0.723841 -0.300917 -1.49503e-006 0.95365 0 0
262 0 254
262 9 0
261 10 263
261 7 10
259 8 260
259 6 8
258 6 259
258 5 6
256 4 257
256 3 4
253 2 255
253 1 2
251 254 243
251 262 254
250 263 252
250 261 263
248 260 249
248 259 260
247 259 248
247 258 259
245 257 246
245 256 257
242 255 244
242 253 255
240 243 232
240 251 243
239 252 241
239 250 252
237 249 238
237 248 249
236 248 237
236 247 248
234 246 235
234 245 246
231 244 233
231 242 244
229 232 221
229 240 232
228 241 230
228 239 241
226 238 227
226 237 238
225 237 226
225 236 237
223 235 224
223 234 235
220 233 222
220 231 233
218 221 210
218 229 221
217 230 219
217 228 230
215 227 216
215 226 227
214 226 215
214 225 226
212 224 213
212 223 224
209 222 211
209 220 222
207 210 199
207 218 210
206 219 208
206 217 219
204 216 205
204 215 216
203 215 204
203 214 215
201 213 202
201 212 213
198 211 200
198 209 211
196 199 188
196 207 199
195 208 197
195 206 208
193 205 194
193 204 205
192 204 193
192 203 204
190 202 191
190 201 202
187 200 189
187 198 200
185 188 177
185 196 188
184 197 186
184 195 197
182 194 183
182 193 194
181 193 182
181 192 193
179 191 180
179 190 191
176 189 178
176 187 189
174 177 166
174 185 177
173 186 175
173 184 186
171 183 172
171 182 183
170 182 171
170 181 182
168 180 169
168 179 180
165 178 167
165 176 178
163 166 155
163 174 166
162 175 164
162 173 175
160 172 161
160 171 172
159 171 160
159 170 171
157 169 158
157 168 169
154 167 156
154 165 167
152 155 144
152 163 155
151 164 153
151 162 164
149 161 150
149 160 161
148 160 149
148 159 160
146 158 147
146 157 158
143 156 145
143 154 156
142 144 133
142 152 144
140 153 141
140 151 153
138 150 139
138 149 150
136 149 138
136 148 149
134 147 137
134 146 147
132 145 135
132 143 145
131 133 121
131 142 133
128 141 130
128 140 141
127 139 129
127 138 139
125 138 127
125 136 138
123 137 126
123 134 137
122 135 124
122 132 135
120 121 110
120 131 121
117 130 119
117 128 130
116 129 118
116 127 129
114 127 116
114 125 127
112 126 115
112 123 126
111 124 113
111 122 124
109 110 99
109 120 110
106 119 108
106 117 119
105 118 107
105 116 118
103 116 105
103 114 116
101 115 104
101 112 115
100 113 102
100 111 113
98 99 88
98 109 99
95 108 97
95 106 108
94 107 96
94 105 107
92 105 94
92 103 105
90 104 93
90 101 104
89 102 91
89 100 102
87 88 77
87 98 88
84 97 86
84 95 97
83 96 85
83 94 96
81 94 83
81 92 94
79 93 82
79 90 93
78 91 80
78 89 91
76 77 66
76 87 77
73 86 75
73 84 86
72 85 74
72 83 85
70 83 72
70 81 83
68 82 71
68 79 82
67 80 69
67 78 80
65 66 55
65 76 66
62 75 64
62 73 75
61 74 63
61 72 74
59 72 61
59 70 72
57 71 60
57 68 71
56 69 58
56 67 69
54 55 44
54 65 55
51 64 53
51 62 64
50 63 52
50 61 63
48 61 50
48 59 61
46 60 49
46 57 60
45 58 47
45 56 58
43 44 33
43 54 44
40 53 42
40 51 53
39 52 41
39 50 52
37 50 39
37 48 50
35 49 38
35 46 49
34 47 36
34 45 47
32 33 22
32 43 33
29 42 31
29 40 42
28 41 30
28 39 41
26 39 28
26 37 39
24 38 27
24 35 38
23 36 25
23 34 36
21 22 11
21 32 22
18 31 20
18 29 31
17 30 19
17 28 30
15 28 17
15 26 28
13 27 16
13 24 27
12 25 14
12 23 25
9 11 0
9 21 11
7 20 10
7 18 20
6 19 8
6 17 19
5 17 6
5 15 17
3 16 4
3 13 16
1 14 2
1 12 14
LABEL Box65
MATERIAL 1
TEXTURE 2
GEOM 864 480 ; Box65
0.103207 2.22977 -0.99893 0 -1 0 0 0
0.103207 2.22977 -0.99893 -0.241898 0 0.970302 0 0
0.103207 2.22977 -0.99893 -0.970295 0 -0.241923 0 0
0.157807 2.22977 -0.985318 0.970294 0 0.241929 0 0
0.157807 2.22977 -0.985318 0 -1 0 0 0
0.157807 2.22977 -0.985318 -0.241898 0 0.970302 0 0
0.103207 2.25478 -0.99893 -0.241927 3.99714e-005 0.970294 0 0
0.103207 2.25478 -0.99893 -0.759291 0.622606 -0.189314 0 0
0.103207 2.25478 -0.99893 -0.970295 0 -0.241923 0 0
0.157807 2.25478 -0.985318 0.970294 0 0.241929 0 0
0.157807 2.25478 -0.985318 0.7593 0.622593 0.18932 0 0
0.157807 2.25478 -0.985318 -0.241898 -1.70918e-006 0.970302 0 0
0.122522 2.2798 -0.994116 0 1 0 0 0
0.122522 2.2798 -0.994116 -0.241985 0.000125042 0.97028 0 0
0.122522 2.2798 -0.994116 -0.759298 0.622599 -0.189308 0 0
0.138493 2.2798 -0.990133 0.7593 0.622592 0.18932 0 0
0.138493 2.2798 -0.990133 0 1 0 0 0
0.138493 2.2798 -0.990133 -0.241941 5.99571e-005 0.970291 0 0
0.112573 2.22977 -1.0365 0.241914 0 -0.970298 0 0
0.112573 2.22977 -1.0365 0 -1 0 0 0
0.112573 2.22977 -1.0365 -0.970295 0 -0.241923 0 0
0.167173 2.22977 -1.02288 0.970294 0 0.241929 0 0
0.167173 2.22977 -1.02288 0.241914 0 -0.970298 0 0
0.167173 2.22977 -1.02288 0 -1 0 0 0
0.112573 2.25478 -1.0365 0.241934 -1.63629e-005 -0.970293 0 0
0.112573 2.25478 -1.0365 -0.759298 0.622599 -0.189308 0 0
0.112573 2.25478 -1.0365 -0.970295 0 -0.241923 0 0
0.167173 2.25478 -1.02288 0.970294 0 0.241929 0 0
0.167173 2.25478 -1.02288 0.7593 0.622593 0.189321 0 0
0.167173 2.25478 -1.02288 0.241914 6.98477e-006 -0.970298 0 0
0.131887 2.2798 -1.03168 0.241975 -7.00431e-005 -0.970283 0 0
0.131887 2.2798 -1.03168 0 1 0 0 0
0.131887 2.2798 -1.03168 -0.759305 0.622591 -0.189302 0 0
0.147859 2.2798 -1.0277 0.7593 0.622593 0.18932 0 0
0.147859 2.2798 -1.0277 0.241944 -2.45444e-005 -0.97029 0 0
0.147859 2.2798 -1.0277 0 1 0 0 0
0.194039 2.22977 -0.977174 0 -1 0 0 0
0.194039 2.22977 -0.977174 -0.241914 0 0.970298 0 0
0.194039 2.22977 -0.977174 -0.970294 0 -0.241927 0 0
0.24864 2.22977 -0.963561 0.970296 9.22507e-006 0.241922 0 0
0.24864 2.22977 -0.963561 0 -1 0 0 0
0.24864 2.22977 -0.963561 -0.241914 0 0.970298 0 0
0.194039 2.25478 -0.977174 -0.2419 -8.42452e-006 0.970301 0 0
0.194039 2.25478 -0.977174 -0.759283 0.622615 -0.189315 0 0
0.194039 2.25478 -0.977174 -0.970294 0 -0.241927 0 0
0.24864 2.25478 -0.963561 0.970297 0 0.241916 0 0
0.24864 2.25478 -0.963561 0.759297 0.622598 0.189314 0 0
0.24864 2.25478 -0.963561 -0.241914 6.24823e-006 0.970298 0 0
0.213355 2.2798 -0.972358 0 1 0 0 0
0.213355 2.2798 -0.972358 -0.241872 -4.40183e-005 0.970308 0 0
0.213355 2.2798 -0.972358 -0.759292 0.622606 -0.189308 0 0
0.229325 2.2798 -0.968377 0.759293 0.622602 0.189317 0 0
0.229325 2.2798 -0.968377 0 1 0 0 0
0.229325 2.2798 -0.968377 -0.241893 -1.26368e-005 0.970303 0 0
0.203405 2.22977 -1.01474 0.241914 -3.69988e-005 -0.970298 0 0
0.203405 2.22977 -1.01474 0 -1 0 0 0
0.203405 2.22977 -1.01474 -0.970294 0 -0.241927 0 0
0.258006 2.22977 -1.00113 0.970294 1.84501e-005 0.241927 0 0
0.258006 2.22977 -1.00113 0.24193 -7.39976e-005 -0.970294 0 0
0.258006 2.22977 -1.00113 0 -1 0 0 0
0.203405 2.25478 -1.01474 0.241885 2.13443e-005 -0.970305 0 0
0.203405 2.25478 -1.01474 -0.759292 0.622606 -0.189308 0 0
0.203405 2.25478 -1.01474 -0.970294 0 -0.241927 0 0
0.258006 2.25478 -1.00113 0.970296 9.22507e-006 0.241922 0 0
0.258006 2.25478 -1.00113 0.759302 0.622594 0.18931 0 0
0.258006 2.25478 -1.00113 0.241908 -2.36371e-005 -0.970299 0 0
0.22272 2.2798 -1.00992 0.241859 6.09466e-005 -0.970311 0 0
0.22272 2.2798 -1.00992 0 1 0 0 0
0.22272 2.2798 -1.00992 -0.759301 0.622598 -0.189301 0 0
0.238691 2.2798 -1.00594 0.759297 0.622598 0.189314 0 0
0.238691 2.2798 -1.00594 0.241878 3.20165e-005 -0.970307 0 0
0.238691 2.2798 -1.00594 0 1 0 0 0
-0.224139 2.22977 -0.969298 0.250389 0 0.968145 0 0
-0.224139 2.22977 -0.969298 0 -1 0 0 0
-0.224139 2.22977 -0.969298 -0.968157 0 0.250343 0 0
-0.169659 2.22977 -0.983388 0.968145 0 -0.250392 0 0
-0.169659 2.22977 -0.983388 0.250389 0 0.968145 0 0
-0.169659 2.22977 -0.983388 0 -1 0 0 0
-0.224139 2.25478 -0.969298 0.250384 -1.23079e-005 0.968147 0 0
-0.224139 2.25478 -0.969298 -0.757609 0.622616 0.195901 0 0
-0.224139 2.25478 -0.969298 -0.968157 0 0.250343 0 0
-0.169659 2.25478 -0.983388 0.968145 0 -0.250392 0 0
-0.169659 2.25478 -0.983388 0.757611 0.622602 -0.195942 0 0
-0.169659 2.25478 -0.983388 0.250389 -9.23494e-006 0.968145 0 0
-0.204866 2.2798 -0.974282 0.250376 -9.21885e-006 0.968149 0 0
-0.204866 2.2798 -0.974282 0 1 0 0 0
-0.204866 2.2798 -0.974282 -0.75762 0.622595 0.195926 0 0
-0.188931 2.2798 -0.978403 0.757611 0.622602 -0.195942 0 0
-0.188931 2.2798 -0.978403 0.250382 -1.84618e-005 0.968147 0 0
-0.188931 2.2798 -0.978403 0 1 0 0 0
-0.233831 2.22977 -1.00678 0 -1 0 0 0
-0.233831 2.22977 -1.00678 -0.250398 0 -0.968143 0 0
-0.233831 2.22977 -1.00678 -0.968157 0 0.250343 0 0
-0.179353 2.22977 -1.02087 0.968145 0 -0.250392 0 0
-0.179353 2.22977 -1.02087 0 -1 0 0 0
-0.179353 2.22977 -1.02087 -0.250398 0 -0.968143 0 0
-0.233831 2.25478 -1.00678 -0.25041 3.09907e-005 -0.96814 0 0
-0.233831 2.25478 -1.00678 -0.75762 0.622595 0.195926 0 0
-0.233831 2.25478 -1.00678 -0.968157 0 0.250343 0 0
-0.179353 2.25478 -1.02087 0.968145 0 -0.250392 0 0
-0.179353 2.25478 -1.02087 0.757611 0.622602 -0.195942 0 0
-0.179353 2.25478 -1.02087 -0.250398 6.57144e-006 -0.968143 0 0
-0.21456 2.2798 -1.01176 0 1 0 0 0
-0.21456 2.2798 -1.01176 -0.250434 7.32577e-005 -0.968134 0 0
-0.21456 2.2798 -1.01176 -0.757631 0.622574 0.195952 0 0
-0.198625 2.2798 -1.01589 0.757611 0.622602 -0.195942 0 0
-0.198625 2.2798 -1.01589 0 1 0 0 0
-0.198625 2.2798 -1.01589 -0.250416 4.6486e-005 -0.968138 0 0
-0.133004 2.22977 -0.992211 0.241952 -4.90137e-006 0.970288 0 0
-0.133004 2.22977 -0.992211 0 -1 0 0 0
-0.133004 2.22977 -0.992211 -0.9703 3.93115e-005 0.241904 0 0
-0.0784039 2.22977 -1.00583 0.970294 0 -0.241928 0 0
-0.0784039 2.22977 -1.00583 0.24195 0 0.970289 0 0
-0.0784039 2.22977 -1.00583 0 -1 0 0 0
-0.133003 2.25478 -0.992211 0.241943 -7.21562e-006 0.97029 0 0
-0.133003 2.25478 -0.992211 -0.759307 0.622585 0.189317 0 0
-0.133003 2.25478 -0.992211 -0.970298 2.48447e-005 0.241913 0 0
-0.0784039 2.25478 -1.00583 0.970294 0 -0.241928 0 0
-0.0784039 2.25478 -1.00583 0.759295 0.622596 -0.189326 0 0
-0.0784039 2.25478 -1.00583 0.241953 -1.35563e-005 0.970288 0 0
-0.113689 2.2798 -0.997027 0.241921 1.9022e-005 0.970296 0 0
-0.113689 2.2798 -0.997027 0 1 0 0 0
-0.113689 2.2798 -0.997027 -0.759306 0.622587 0.189314 0 0
-0.097718 2.2798 -1.00101 0.759299 0.62259 -0.189334 0 0
-0.097718 2.2798 -1.00101 0.241938 -5.92206e-006 0.970292 0 0
-0.097718 2.2798 -1.00101 0 1 0 0 0
-0.142369 2.22977 -1.02978 0 -1 0 0 0
-0.142369 2.22977 -1.02978 -0.241946 -2.08118e-005 -0.97029 0 0
-0.142369 2.22977 -1.02978 -0.970298 2.48447e-005 0.241913 0 0
-0.08777 2.22977 -1.04339 0.970294 0 -0.241928 0 0
-0.08777 2.22977 -1.04339 0 -1 0 0 0
-0.08777 2.22977 -1.04339 -0.241955 0 -0.970288 0 0
-0.142369 2.25478 -1.02978 -0.241917 -4.71663e-005 -0.970297 0 0
-0.142369 2.25478 -1.02978 -0.759306 0.622587 0.189314 0 0
-0.142369 2.25478 -1.02978 -0.970296 1.0378e-005 0.241922 0 0
-0.08777 2.25478 -1.04339 0.970294 0 -0.241928 0 0
-0.08777 2.25478 -1.04339 0.759292 0.622603 -0.189318 0 0
-0.08777 2.25478 -1.04339 -0.241943 -1.57188e-005 -0.970291 0 0
-0.123055 2.2798 -1.03459 0 1 0 0 0
-0.123055 2.2798 -1.03459 -0.241877 -9.43426e-005 -0.970307 0 0
-0.123055 2.2798 -1.03459 -0.759305 0.62259 0.189311 0 0
-0.107085 2.2798 -1.03857 0.759295 0.622596 -0.189326 0 0
-0.107085 2.2798 -1.03857 0 1 0 0 0
-0.107085 2.2798 -1.03857 -0.241907 -4.99377e-005 -0.970299 0 0
-0.529489 2.22977 -0.755055 0.707093 -1.34817e-005 0.707121 0 0
-0.529489 2.22977 -0.755055 0 -1 0 0 0
-0.529489 2.22977 -0.755055 -0.707094 -2.69636e-005 0.707119 0 0
-0.489699 2.22977 -0.794843 0.707119 0 -0.707094 0 0
-0.489699 2.22977 -0.794843 0.707089 0 0.707125 0 0
-0.489699 2.22977 -0.794843 0 -1 0 0 0
-0.529489 2.25478 -0.755054 0.7071 -2.15473e-005 0.707113 0 0
-0.529489 2.25478 -0.755054 -0.553344 0.622592 0.553344 0 0
-0.529489 2.25478 -0.755054 -0.707101 -1.34818e-005 0.707113 0 0
-0.489699 2.25478 -0.794843 0.707119 0 -0.707094 0 0
-0.489699 2.25478 -0.794843 0.707094 -1.20016e-005 0.707119 0 0
-0.489699 2.25478 -0.794843 0.553353 0.622585 -0.553343 0 0
-0.515413 2.2798 -0.769129 0.707107 -2.86371e-005 0.707107 0 0
-0.515413 2.2798 -0.769129 0 1 0 0 0
-0.515413 2.2798 -0.769129 -0.553344 0.622592 0.553344 0 0
-0.503774 2.2798 -0.780768 0.707102 -1.88392e-005 0.707112 0 0
-0.503774 2.2798 -0.780768 0.553351 0.622579 -0.553351 0 0
-0.503774 2.2798 -0.780768 0 1 0 0 0
-0.556865 2.22977 -0.78243 0 -1 0 0 0
-0.556865 2.22977 -0.78243 -0.707089 0 -0.707125 0 0
-0.556865 2.22977 -0.78243 -0.707101 -1.34818e-005 0.707113 0 0
-0.517074 2.22977 -0.822219 0.707119 0 -0.707094 0 0
-0.517074 2.22977 -0.822219 0 -1 0 0 0
-0.517074 2.22977 -0.822219 -0.707089 0 -0.707125 0 0
-0.556865 2.25478 -0.78243 -0.553344 0.622592 0.553344 0 0
-0.556865 2.25478 -0.78243 -0.707095 6.75347e-006 -0.707119 0 0
-0.556865 2.25478 -0.78243 -0.707107 0 0.707107 0 0
-0.517074 2.25478 -0.822219 0.707119 0 -0.707094 0 0
-0.517074 2.25478 -0.822219 0.553354 0.622592 -0.553334 0 0
-0.517074 2.25478 -0.822219 -0.707089 -2.79222e-006 -0.707125 0 0
-0.542789 2.2798 -0.796505 0 1 0 0 0
-0.542789 2.2798 -0.796505 -0.553344 0.622592 0.553344 0 0
-0.542789 2.2798 -0.796505 -0.707107 2.86371e-005 -0.707107 0 0
-0.53115 2.2798 -0.808144 0.553353 0.622585 -0.553343 0 0
-0.53115 2.2798 -0.808144 0 1 0 0 0
-0.53115 2.2798 -0.808144 -0.707098 1.01302e-005 -0.707116 0 0
-0.462824 2.22977 -0.819741 0.694667 0 0.719332 0 0
-0.462824 2.22977 -0.819741 0 -1 0 0 0
-0.462824 2.22977 -0.819741 -0.719321 0 0.694678 0 0
-0.422346 2.22977 -0.858831 0.719328 -1.40724e-005 -0.694671 0 0
-0.422346 2.22977 -0.858831 0.694667 0 0.719332 0 0
-0.422346 2.22977 -0.858831 0 -1 0 0 0
-0.462824 2.25478 -0.819741 0.694677 -3.97458e-005 0.719322 0 0
-0.462824 2.25478 -0.819741 -0.562899 0.622597 0.543615 0 0
-0.462824 2.25478 -0.819741 -0.719321 0 0.694678 0 0
-0.422346 2.25478 -0.858831 0.719334 0 -0.694664 0 0
-0.422346 2.25478 -0.858831 0.694667 -9.35235e-006 0.719332 0 0
-0.422346 2.25478 -0.858831 0.562911 0.622603 -0.543596 0 0
-0.448504 2.2798 -0.833568 0.694698 -9.11802e-005 0.719302 0 0
-0.448504 2.2798 -0.833568 0 1 0 0 0
-0.448504 2.2798 -0.833568 -0.562902 0.622617 0.543589 0 0
-0.436665 2.2798 -0.845002 0.694682 -5.96186e-005 0.719317 0 0
-0.436665 2.2798 -0.845002 0.562912 0.622609 -0.543588 0 0
-0.436665 2.2798 -0.845002 0 1 0 0 0
-0.489718 2.22977 -0.847589 0 -1 0 0 0
-0.489718 2.22977 -0.847589 -0.694653 -1.45721e-005 -0.719345 0 0
-0.489718 2.22977 -0.847589 -0.719321 0 0.694678 0 0
-0.449239 2.22977 -0.886678 0.719321 -2.81447e-005 -0.694678 0 0
-0.449239 2.22977 -0.886678 0 -1 0 0 0
-0.449239 2.22977 -0.886678 -0.694648 -2.91443e-005 -0.71935 0 0
-0.489718 2.25478 -0.847589 -0.562902 0.622617 0.543589 0 0
-0.489718 2.25478 -0.847589 -0.69464 -2.94715e-005 -0.719358 0 0
-0.489718 2.25478 -0.847589 -0.719321 0 0.694678 0 0
-0.449239 2.25478 -0.886679 0.719328 -1.40724e-005 -0.694671 0 0
-0.449239 2.25478 -0.886679 0.56291 0.622597 -0.543605 0 0
-0.449239 2.25478 -0.886679 -0.694655 -6.1846e-006 -0.719344 0 0
-0.475398 2.2798 -0.861419 0 1 0 0 0
-0.475398 2.2798 -0.861419 -0.562906 0.622637 0.543563 0 0
-0.475398 2.2798 -0.861419 -0.694603 -9.90049e-005 -0.719393 0 0
-0.463558 2.2798 -0.872851 0.562911 0.622603 -0.543596 0 0
-0.463558 2.2798 -0.872851 0 1 0 0 0
-0.463558 2.2798 -0.872851 -0.694631 -4.42072e-005 -0.719367 0 0
-0.678969 2.22977 -0.4358 0.97815 4.21157e-006 0.207901 0 0
-0.678969 2.22977 -0.4358 0 -1 0 0 0
-0.678969 2.22977 -0.4358 -0.207924 3.96293e-005 0.978145 0 0
-0.66727 2.22977 -0.490843 0.97815 0 0.207899 0 0
-0.66727 2.22977 -0.490843 0.207874 0 -0.978156 0 0
-0.66727 2.22977 -0.490843 0 -1 0 0 0
-0.678969 2.25478 -0.435801 0.97815 -1.04273e-005 0.207902 0 0
-0.678969 2.25478 -0.435801 -0.16269 0.622598 0.765444 0 0
-0.678969 2.25478 -0.435801 -0.207912 1.98147e-005 0.978148 0 0
-0.66727 2.25478 -0.490843 0.97815 -3.07259e-006 0.207902 0 0
-0.66727 2.25478 -0.490843 0.207874 0 -0.978156 0 0
-0.66727 2.25478 -0.490843 0.162693 0.622575 -0.765461 0 0
-0.67483 2.2798 -0.455272 0.97815 -2.20641e-005 0.2079 0 0
-0.67483 2.2798 -0.455272 0 1 0 0 0
-0.67483 2.2798 -0.455272 -0.16269 0.622598 0.765444 0 0
-0.671408 2.2798 -0.471372 0.97815 -1.98525e-005 0.207901 0 0
-0.671408 2.2798 -0.471372 0.16271 0.622594 -0.765443 0 0
-0.671408 2.2798 -0.471372 0 1 0 0 0
-0.716839 2.22977 -0.44385 0 -1 0 0 0
-0.716839 2.22977 -0.44385 -0.207912 1.98147e-005 0.978148 0 0
-0.716839 2.22977 -0.44385 -0.978149 0 -0.207906 0 0
-0.70514 2.22977 -0.498891 0.207874 0 -0.978156 0 0
-0.70514 2.22977 -0.498891 0 -1 0 0 0
-0.70514 2.22977 -0.498891 -0.978149 0 -0.207906 0 0
-0.716839 2.25478 -0.44385 -0.16269 0.622598 0.765444 0 0
-0.716839 2.25478 -0.44385 -0.207899 0 0.97815 0 0
-0.716839 2.25478 -0.44385 -0.97815 1.24933e-005 -0.2079 0 0
-0.70514 2.25478 -0.498891 0.207874 0 -0.978156 0 0
-0.70514 2.25478 -0.498891 0.162677 0.622556 -0.76548 0 0
-0.70514 2.25478 -0.498891 -0.978149 1.84436e-006 -0.207906 0 0
-0.7127 2.2798 -0.463321 0 1 0 0 0
-0.7127 2.2798 -0.463321 -0.16269 0.622598 0.765444 0 0
-0.7127 2.2798 -0.463321 -0.978153 3.19467e-005 -0.207888 0 0
-0.709278 2.2798 -0.479422 0.162693 0.622575 -0.765461 0 0
-0.709278 2.2798 -0.479422 0 1 0 0 0
-0.709278 2.2798 -0.479422 -0.978151 1.87399e-005 -0.207897 0 0
-0.659635 2.22977 -0.526771 0.978146 0 0.207919 0 0
-0.659635 2.22977 -0.526771 0 -1 0 0 0
-0.659635 2.22977 -0.526771 -0.207904 0 0.978149 0 0
-0.647935 2.22977 -0.581813 0.978146 0 0.207919 0 0
-0.647935 2.22977 -0.581813 0.207905 0 -0.978149 0 0
-0.647935 2.22977 -0.581813 0 -1 0 0 0
-0.659635 2.25478 -0.526771 0.978146 -4.09847e-006 0.207921 0 0
-0.659635 2.25478 -0.526771 -0.162694 0.622598 0.765443 0 0
-0.659635 2.25478 -0.526771 -0.207904 0 0.978149 0 0
-0.647935 2.25478 -0.581813 0.978146 -3.43319e-006 0.207919 0 0
-0.647935 2.25478 -0.581813 0.207905 0 -0.978149 0 0
-0.647935 2.25478 -0.581813 0.16271 0.622617 -0.765424 0 0
-0.655496 2.2798 -0.546242 0.978145 -1.99582e-006 0.207925 0 0
-0.655496 2.2798 -0.546242 0 1 0 0 0
-0.655496 2.2798 -0.546242 -0.162694 0.622598 0.765443 0 0
-0.652074 2.2798 -0.56234 0.978146 -6.1477e-006 0.207922 0 0
-0.652074 2.2798 -0.56234 0.162726 0.622636 -0.765405 0 0
-0.652074 2.2798 -0.56234 0 1 0 0 0
-0.697504 2.22977 -0.53482 0 -1 0 0 0
-0.697504 2.22977 -0.53482 -0.207904 0 0.978149 0 0
-0.697504 2.22977 -0.53482 -0.978146 0 -0.20792 0 0
-0.685804 2.22977 -0.589862 0.207905 0 -0.978149 0 0
-0.685804 2.22977 -0.589862 0 -1 0 0 0
-0.685804 2.22977 -0.589862 -0.978146 0 -0.20792 0 0
-0.697504 2.25478 -0.53482 -0.162694 0.622598 0.765443 0 0
-0.697504 2.25478 -0.53482 -0.207904 0 0.978149 0 0
-0.697504 2.25478 -0.53482 -0.978147 4.57488e-006 -0.207915 0 0
-0.685804 2.25478 -0.589862 0.207905 0 -0.978149 0 0
-0.685804 2.25478 -0.589862 0.162694 0.622599 -0.765442 0 0
-0.685804 2.25478 -0.589862 -0.978146 -1.74059e-006 -0.20792 0 0
-0.693365 2.2798 -0.554291 0 1 0 0 0
-0.693365 2.2798 -0.554291 -0.162694 0.622598 0.765443 0 0
-0.693365 2.2798 -0.554291 -0.978149 1.89464e-005 -0.207904 0 0
-0.689943 2.2798 -0.570391 0.16271 0.622617 -0.765424 0 0
-0.689943 2.2798 -0.570391 0 1 0 0 0
-0.689943 2.2798 -0.570391 -0.978148 6.86232e-006 -0.207912 0 0
-0.639134 2.22977 -0.0574839 0.958821 0 -0.284013 0 0
-0.639134 2.22977 -0.0574839 0.283991 0 0.958827 0 0
-0.639134 2.22977 -0.0574839 0 -1 0 0 0
-0.655116 2.22977 -0.111439 0.958821 0 -0.284013 0 0
-0.655116 2.22977 -0.111439 0 -1 0 0 0
-0.655116 2.22977 -0.111439 -0.283993 0 -0.958826 0 0
-0.639134 2.25478 -0.0574839 0.958824 3.59692e-006 -0.284 0 0
-0.639134 2.25478 -0.0574839 0.283991 0 0.958827 0 0
-0.639134 2.25478 -0.0574839 0.222229 0.622621 0.750305 0 0
-0.655116 2.25478 -0.111439 0.958821 -7.97604e-006 -0.284013 0 0
-0.655116 2.25478 -0.111439 -0.222252 0.622603 -0.750313 0 0
-0.655116 2.25478 -0.111439 -0.283993 0 -0.958826 0 0
-0.644788 2.2798 -0.0765714 0.958832 3.47189e-005 -0.283974 0 0
-0.644788 2.2798 -0.0765714 0.222254 0.622601 0.750314 0 0
-0.644788 2.2798 -0.0765714 0 1 0 0 0
-0.649462 2.2798 -0.0923531 0.958826 5.39538e-006 -0.283993 0 0
-0.649462 2.2798 -0.0923531 0 1 0 0 0
-0.649462 2.2798 -0.0923531 -0.222273 0.622587 -0.750321 0 0
-0.676255 2.22977 -0.0464892 0.283991 0 0.958827 0 0
-0.676255 2.22977 -0.0464892 0 -1 0 0 0
-0.676255 2.22977 -0.0464892 -0.95882 0 0.284013 0 0
-0.692237 2.22977 -0.100444 0 -1 0 0 0
-0.692237 2.22977 -0.100444 -0.283993 0 -0.958826 0 0
-0.692237 2.22977 -0.100444 -0.95882 0 0.284013 0 0
-0.676255 2.25478 -0.0464892 0.283991 0 0.958827 0 0
-0.676255 2.25478 -0.0464892 0.222254 0.622601 0.750314 0 0
-0.676255 2.25478 -0.0464892 -0.958819 1.08164e-005 0.284019 0 0
-0.692237 2.25478 -0.100444 -0.222232 0.62262 -0.750305 0 0
-0.692237 2.25478 -0.100444 -0.283993 0 -0.958826 0 0
-0.692237 2.25478 -0.100444 -0.95882 1.04221e-006 0.284013 0 0
-0.681908 2.2798 -0.0655748 0.22228 0.62258 0.750324 0 0
-0.681908 2.2798 -0.0655748 0 1 0 0 0
-0.681908 2.2798 -0.0655748 -0.958815 2.93227e-005 0.28403 0 0
-0.686583 2.2798 -0.0813565 0 1 0 0 0
-0.686583 2.2798 -0.0813565 -0.222252 0.622603 -0.750313 0 0
-0.686583 2.2798 -0.0813565 -0.958818 1.62247e-005 0.284022 0 0
-0.66555 2.22977 -0.146656 0.95882 0 -0.284016 0 0
-0.66555 2.22977 -0.146656 0.284002 0 0.958824 0 0
-0.66555 2.22977 -0.146656 0 -1 0 0 0
-0.681532 2.22977 -0.20061 0.95882 0 -0.284016 0 0
-0.681532 2.22977 -0.20061 0 -1 0 0 0
-0.681532 2.22977 -0.20061 -0.284021 0 -0.958818 0 0
-0.66555 2.25478 -0.146656 0.958822 -3.51594e-006 -0.284006 0 0
-0.66555 2.25478 -0.146656 0.284002 0 0.958824 0 0
-0.66555 2.25478 -0.146656 0.222251 0.622564 0.750345 0 0
-0.681532 2.25478 -0.20061 0.95882 -9.3404e-006 -0.284016 0 0
-0.681532 2.25478 -0.20061 -0.222271 0.622585 -0.750323 0 0
-0.681532 2.25478 -0.20061 -0.284021 0 -0.958818 0 0
-0.671203 2.2798 -0.165741 0.958829 1.74734e-005 -0.283986 0 0
-0.671203 2.2798 -0.165741 0.222241 0.622573 0.750341 0 0
-0.671203 2.2798 -0.165741 0 1 0 0 0
-0.675878 2.2798 -0.181525 0.958824 -5.27391e-006 -0.284001 0 0
-0.675878 2.2798 -0.181525 0 1 0 0 0
-0.675878 2.2798 -0.181525 -0.222282 0.622575 -0.750327 0 0
-0.702671 2.22977 -0.135661 0.284002 0 0.958824 0 0
-0.702671 2.22977 -0.135661 0 -1 0 0 0
-0.702671 2.22977 -0.135661 -0.958818 0 0.28402 0 0
-0.718653 2.22977 -0.189614 0 -1 0 0 0
-0.718653 2.22977 -0.189614 -0.284021 0 -0.958818 0 0
-0.718653 2.22977 -0.189614 -0.958818 0 0.28402 0 0
-0.702671 2.25478 -0.135661 0.284002 0 0.958824 0 0
-0.702671 2.25478 -0.135661 0.222241 0.622573 0.750341 0 0
-0.702671 2.25478 -0.135661 -0.958817 1.44725e-005 0.284024 0 0
-0.718653 2.25478 -0.189614 -0.222259 0.622594 -0.750318 0 0
-0.718653 2.25478 -0.189614 -0.284021 0 -0.958818 0 0
-0.718653 2.25478 -0.189614 -0.958818 4.44914e-006 0.28402 0 0
-0.708324 2.2798 -0.154747 0.222231 0.622581 0.750338 0 0
-0.708324 2.2798 -0.154747 0 1 0 0 0
-0.708324 2.2798 -0.154747 -0.958815 3.00702e-005 0.284031 0 0
-0.712999 2.2798 -0.170528 0 1 0 0 0
-0.712999 2.2798 -0.170528 -0.222271 0.622585 -0.750323 0 0
-0.712999 2.2798 -0.170528 -0.958817 2.17088e-005 0.284025 0 0
-0.425077 2.22977 0.227301 0.74315 0 0.669125 0 0
-0.425077 2.22977 0.227301 0.66912 0 -0.743155 0 0
-0.425077 2.22977 0.227301 0 -1 0 0 0
-0.466895 2.22977 0.189649 0.66912 0 -0.743155 0 0
-0.466895 2.22977 0.189649 0 -1 0 0 0
-0.466895 2.22977 0.189649 -0.743151 0 -0.669124 0 0
-0.425077 2.25478 0.227301 0.74315 0 0.669125 0 0
-0.425077 2.25478 0.227301 0.669138 2.93137e-005 -0.743138 0 0
-0.425077 2.25478 0.227301 0.58156 0.622575 0.523631 0 0
-0.466895 2.25478 0.189649 0.66912 -3.22588e-006 -0.743155 0 0
-0.466895 2.25478 0.189649 -0.581551 0.622574 -0.523641 0 0
-0.466895 2.25478 0.189649 -0.743151 0 -0.669124 0 0
-0.43987 2.2798 0.213983 0.669174 9.76188e-005 -0.743105 0 0
-0.43987 2.2798 0.213983 0.581535 0.622593 0.523635 0 0
-0.43987 2.2798 0.213983 0 1 0 0 0
-0.452102 2.2798 0.202968 0.669147 4.39706e-005 -0.74313 0 0
-0.452102 2.2798 0.202968 0 1 0 0 0
-0.452102 2.2798 0.202968 -0.581534 0.622587 -0.523644 0 0
-0.450983 2.22977 0.256073 0.74315 0 0.669125 0 0
-0.450983 2.22977 0.256073 0 -1 0 0 0
-0.450983 2.22977 0.256073 -0.66912 0 0.743154 0 0
-0.492801 2.22977 0.218421 0 -1 0 0 0
-0.492801 2.22977 0.218421 -0.66912 0 0.743154 0 0
-0.492801 2.22977 0.218421 -0.743151 0 -0.669124 0 0
-0.450983 2.25478 0.256073 0.74315 0 0.669125 0 0
-0.450983 2.25478 0.256073 0.581535 0.622593 0.523635 0 0
-0.450983 2.25478 0.256073 -0.669127 3.25669e-005 0.743149 0 0
-0.492801 2.25478 0.218421 -0.581568 0.622561 -0.523637 0 0
-0.492801 2.25478 0.218421 -0.66912 2.26521e-005 0.743154 0 0
-0.492801 2.25478 0.218421 -0.743151 0 -0.669124 0 0
-0.465776 2.2798 0.242752 0.581511 0.622612 0.52364 0 0
-0.465776 2.2798 0.242752 0 1 0 0 0
-0.465776 2.2798 0.242752 -0.66914 2.97446e-005 0.743137 0 0
-0.478008 2.2798 0.231738 0 1 0 0 0
-0.478008 2.2798 0.231738 -0.581551 0.622574 -0.523641 0 0
-0.478008 2.2798 0.231738 -0.66913 4.88504e-005 0.743146 0 0
-0.494192 2.22977 0.165074 0.743115 3.01071e-005 0.669164 0 0
-0.494192 2.22977 0.165074 0.669144 1.35552e-005 -0.743133 0 0
-0.494192 2.22977 0.165074 0 -1 0 0 0
-0.53601 2.22977 0.12742 0.669139 0 -0.743137 0 0
-0.53601 2.22977 0.12742 0 -1 0 0 0
-0.53601 2.22977 0.12742 -0.743139 0 -0.669138 0 0
-0.494193 2.25478 0.165074 0.743122 1.50536e-005 0.669156 0 0
-0.494193 2.25478 0.165074 0.669123 -2.68654e-005 -0.743152 0 0
-0.494193 2.25478 0.165074 0.581528 0.622599 0.523637 0 0
-0.53601 2.25478 0.12742 0.669145 1.61133e-005 -0.743132 0 0
-0.53601 2.25478 0.12742 -0.581528 0.622606 -0.523628 0 0
-0.53601 2.25478 0.12742 -0.743139 0 -0.669138 0 0
-0.508985 2.2798 0.151753 0.669072 -0.000128936 -0.743198 0 0
-0.508985 2.2798 0.151753 0.581545 0.622586 0.523634 0 0
-0.508985 2.2798 0.151753 0 1 0 0 0
-0.521217 2.2798 0.140741 0.66911 -5.38532e-005 -0.743163 0 0
-0.521217 2.2798 0.140741 0 1 0 0 0
-0.521217 2.2798 0.140741 -0.58152 0.622613 -0.52363 0 0
-0.520098 2.22977 0.193843 0.743122 1.50536e-005 0.669156 0 0
-0.520098 2.22977 0.193843 0 -1 0 0 0
