MSHX1
GROUPS 37
LABEL Tube01
MATERIAL 4
TEXTURE 1
GEOM 264 288 ; Tube01
0.113221 1.93394 -0.723841 -0.0917395 0.952396 0.290734 0 0
0.113221 1.93394 -0.723841 -0.21622 0 0.976345 0 0
0.113221 1.52566 -0.723841 0 -1 0 0 0
0.113221 1.52566 -0.723841 -0.300917 -1.49503e-006 0.95365 0 0
0.214586 1.93394 0.0461027 -0.14071 0.952395 -0.27045 0 0
0.214586 1.93394 0.0461027 -0.537491 0 -0.84327 0 0
0.307395 1.9933 0.206853 -0.0828936 0.988036 -0.130053 0 0
0.357064 1.9933 0.292882 0.111988 -0.970118 0.215245 0 0
0.357064 1.9933 0.292882 0 1 0 0 0
0.238282 1.93394 0.0871457 0.461545 0 0.887117 0 0
0.238282 1.93394 0.0871457 0.130413 -0.970117 0.204609 0 0
0.238282 1.52566 0.0871457 0.537486 0 0.843273 0 0
0.238282 1.52566 0.0871457 0 -1 0 0 0
0.113221 1.52566 0.0880887 0 -1 0 0 0
0.113221 1.52566 0.0880887 -0.216221 0 -0.976344 0 0
0.113221 1.93394 0.0880887 -0.0659184 0.952395 -0.297654 0 0
0.113221 1.93394 0.0880887 -0.300915 0 -0.953651 0 0
0.161263 1.9933 0.267382 -0.0464086 0.988036 -0.147077 0 0
0.186973 1.9933 0.363337 0.052465 -0.970118 0.236894 0 0
0.186973 1.9933 0.363337 0 1 0 0 0
0.125487 1.93394 0.133866 0.216231 0 0.976342 0 0
0.125487 1.93394 0.133866 0.0730144 -0.970118 0.231389 0 0
0.368421 1.52566 -0.528018 0 -1 0 0 0
0.368421 1.52566 -0.528018 -0.887116 0 0.461547 0 0
0.368421 1.93394 -0.528018 -0.270449 0.952396 0.14071 0 0
0.368421 1.93394 -0.528018 -0.843274 0 0.537485 0 0
0.161263 1.9933 -0.903134 -0.0333462 0.988036 0.150577 0 0
0.30163 1.93394 -0.615062 -0.224816 0.952396 0.205914 0 0
0.30163 1.93394 -0.615062 -0.675429 -1.28381e-006 0.737425 0 0
0.529171 1.9933 -0.620828 -0.130053 0.988036 0.0828938 0 0
0.615201 1.9933 -0.670497 0.215245 -0.970118 -0.111988 0 0
0.615201 1.9933 -0.670497 0 1 0 0 0
0.307395 1.9933 -0.842604 -0.0711829 0.988036 0.136814 0 0
0.456185 1.93394 -0.196832 0.953651 0 0.300915 0 0
0.456185 1.93394 -0.196832 0.236895 -0.970118 0.0524631 0 0
0.456185 1.52566 -0.196832 0.976344 0 0.216222 0 0
0.456185 1.52566 -0.196832 0 -1 0 0 0
0.368421 1.52566 -0.107733 0 -1 0 0 0
0.368421 1.52566 -0.107733 -0.843271 0 -0.537488 0 0
0.186973 1.9933 -0.999087 0.0730136 -0.970117 -0.23139 0 0
0.186973 1.9933 -0.999087 0 1 0 0 0
0.409464 1.93394 -0.551714 0.887114 0 -0.461549 0 0
0.409464 1.93394 -0.551714 0.204607 -0.970118 -0.130413 0 0
0.409464 1.52566 -0.551714 0.843273 0 -0.537486 0 0
0.409464 1.52566 -0.551714 0 -1 0 0 0
0.432882 1.9933 -0.746314 -0.104167 0.988036 0.113729 0 0
0.410407 1.52566 -0.426653 0 -1 0 0 0
0.410407 1.52566 -0.426653 -0.976345 0 0.216221 0 0
0.410407 1.93394 -0.426653 -0.297651 0.952396 0.0659176 0 0
0.410407 1.93394 -0.426653 -0.953651 0 0.300914 0 0
0.357064 1.9933 -0.928633 0.130414 -0.970117 -0.204608 0 0
0.357064 1.9933 -0.928633 0 1 0 0 0
0.368421 1.93394 -0.107733 -0.257084 0.952396 -0.16386 0 0
0.368421 1.93394 -0.107733 -0.887116 0 -0.461547 0 0
0.529171 1.9933 -0.014923 -0.136814 0.988036 -0.0711822 0 0
0.615201 1.9933 0.0347457 0.204608 -0.970118 0.130414 0 0
0.615201 1.9933 0.0347457 0 1 0 0 0
0.125487 1.93394 -0.769618 0.300918 -2.8148e-007 -0.95365 0 0
0.125487 1.93394 -0.769618 0.0524634 -0.970117 -0.236896 0 0
0.589702 1.9933 -0.474695 -0.147075 0.988036 0.0464087 0 0
0.685655 1.9933 -0.500405 0.236895 -0.970118 -0.0524633 0 0
0.685655 1.9933 -0.500405 0 1 0 0 0
0.503125 1.9933 -0.816556 0.178926 -0.970118 -0.163882 0 0
0.503125 1.9933 -0.816556 0 1 0 0 0
0.456185 1.93394 -0.438919 0.976344 0 -0.216223 0 0
0.456185 1.93394 -0.438919 0.231389 -0.970118 -0.0730132 0 0
0.456185 1.52566 -0.438919 0.95365 0 -0.300918 0 0
0.456185 1.52566 -0.438919 0 -1 0 0 0
0.238282 1.93394 -0.722897 0.537488 -7.29253e-007 -0.843272 0 0
0.238282 1.93394 -0.722897 0.111989 -0.970117 -0.215246 0 0
0.409464 1.93394 -0.0840358 0.843272 0 0.537486 0 0
0.409464 1.93394 -0.0840358 0.215245 -0.970118 0.111988 0 0
0.409464 1.52566 -0.0840358 0.887115 0 0.461548 0 0
0.409464 1.52566 -0.0840358 0 -1 0 0 0
0.30163 1.52566 -0.0206899 0 -1 0 0 0
0.30163 1.52566 -0.0206899 -0.675429 0 -0.737425 0 0
0.125487 1.52566 -0.769618 0.216224 0 -0.976344 0 0
0.125487 1.52566 -0.769618 0 -1 0 0 0
0.424728 1.52566 -0.317875 0 -1 0 0 0
0.424728 1.52566 -0.317875 -0.999039 0 -0.0438431 0 0
0.424728 1.93394 -0.317875 -0.304569 0.952396 -0.0133655 0 0
0.424728 1.93394 -0.317875 -0.999038 0 0.0438419 0 0
0.335141 1.93394 -0.648574 0.73743 0 -0.675424 0 0
0.335141 1.93394 -0.648574 0.163883 -0.970117 -0.178926 0 0
0.610348 1.9933 -0.317875 -0.154075 0.988036 0.00676176 0 0
0.709686 1.9933 -0.317875 0.242401 -0.970118 0.0106379 0 0
0.709686 1.9933 -0.317875 0 1 0 0 0
0.238281 1.52566 -0.722897 0.46155 -7.29253e-007 -0.887114 0 0
0.238281 1.52566 -0.722897 0 -1 0 0 0
0.30163 1.93394 -0.0206899 -0.205913 0.952396 -0.224815 0 0
0.30163 1.93394 -0.0206899 -0.737427 0 -0.675427 0 0
0.432882 1.9933 0.110564 -0.113729 0.988036 -0.104167 0 0
0.503125 1.9933 0.180805 0.163883 -0.970117 0.178927 0 0
0.503125 1.9933 0.180805 0 1 0 0 0
0.214586 1.52566 -0.681855 0 -1 0 0 0
0.214586 1.52566 -0.681855 -0.537488 -2.77884e-006 0.843271 0 0
0.472121 1.93394 -0.317875 0.999038 0 0.0438434 0 0
0.472121 1.93394 -0.317875 0.242401 -0.970118 -0.0106377 0 0
0.472121 1.52566 -0.317875 0.999039 0 -0.0438423 0 0
0.472121 1.52566 -0.317875 0 -1 0 0 0
0.335141 1.52566 -0.648574 0.675427 -4.47773e-007 -0.737427 0 0
0.335141 1.52566 -0.648574 0 -1 0 0 0
0.410407 1.52566 -0.209098 0 -1 0 0 0
0.410407 1.52566 -0.209098 -0.953652 0 -0.300913 0 0
0.410407 1.93394 -0.209098 -0.290732 0.952396 -0.0917391 0 0
0.410407 1.93394 -0.209098 -0.976345 0 -0.216221 0 0
0.30163 1.52566 -0.615062 0 -1 0 0 0
0.30163 1.52566 -0.615062 -0.737431 0 0.675422 0 0
0.335142 1.93394 0.0128223 0.675426 0 0.737427 0 0
0.335142 1.93394 0.0128223 0.178926 -0.970117 0.163883 0 0
0.335142 1.52566 0.0128223 0.737428 0 0.675426 0 0
0.335142 1.52566 0.0128223 0 -1 0 0 0
0.214586 1.52566 0.0461027 0 -1 0 0 0
0.214586 1.52566 0.0461027 -0.46155 0 -0.887114 0 0
0.214586 1.93394 -0.681853 -0.163862 0.952396 0.257083 0 0
0.214586 1.93394 -0.681853 -0.461551 -2.77884e-006 0.887113 0 0
0.589703 1.9933 -0.161057 -0.150575 0.988036 -0.0333467 0 0
0.685655 1.9933 -0.135347 0.231389 -0.970118 0.073013 0 0
0.685655 1.9933 -0.135347 0 1 0 0 0
0.125487 1.52566 0.133866 0.300918 0 0.95365 0 0
0.125487 1.52566 0.133866 0 -1 0 0 0
0.004443 1.52566 0.10241 0.0438422 0 -0.999038 0 0
0.004443 1.52566 0.10241 0 -1 0 0 0
0.004443 1.93394 0.10241 0.013366 0.952395 -0.304572 0 0
0.004443 1.93394 0.10241 -0.0438425 0 -0.999038 0 0
0.004443 1.9933 0.288028 -0.0067616 0.988036 -0.154077 0 0
0.004443 1.9933 0.387368 0 1 0 0 0
0.004443 1.9933 0.387368 -0.010639 -0.970118 0.242402 0 0
0.004443 1.93394 0.149804 0.0106377 -0.970118 0.242401 0 0
0.004443 1.93394 0.149804 -0.0438482 0 0.999038 0 0
0.004443 1.52566 0.149804 0.0438483 0 0.999038 0 0
0.004443 1.52566 0.149804 0 -1 0 0 0
-0.104335 1.52566 0.0880887 0.300915 0 -0.953651 0 0
-0.104335 1.52566 0.0880887 0 -1 0 0 0
-0.104335 1.93394 0.0880887 0.216221 0 -0.976345 0 0
-0.104335 1.93394 0.0880887 0.0917386 0.952395 -0.290735 0 0
-0.152377 1.9933 0.267382 0.0333467 0.988036 -0.150577 0 0
-0.178087 1.9933 0.363337 0 1 0 0 0
-0.178087 1.9933 0.363337 -0.0730127 -0.970118 0.231389 0 0
-0.116601 1.93394 0.133866 -0.0524636 -0.970118 0.236895 0 0
-0.116601 1.93394 0.133866 -0.300916 0 0.953651 0 0
-0.116601 1.52566 0.133866 0 -1 0 0 0
-0.116601 1.52566 0.133866 -0.21623 0 0.976342 0 0
-0.2057 1.52566 0.0461027 0.537491 0 -0.843269 0 0
-0.2057 1.52566 0.0461027 0 -1 0 0 0
-0.2057 1.93394 0.0461027 0.46155 0 -0.887114 0 0
-0.2057 1.93394 0.0461027 0.16386 0.952396 -0.257083 0 0
-0.298509 1.9933 0.206853 0.0711818 0.988036 -0.136815 0 0
-0.348179 1.9933 0.292882 0 1 0 0 0
-0.348179 1.9933 0.292882 -0.130415 -0.970117 0.204607 0 0
-0.229397 1.93394 0.0871457 -0.111989 -0.970118 0.215245 0 0
-0.229397 1.93394 0.0871457 -0.53749 0 0.84327 0 0
-0.229397 1.52566 0.0871457 0 -1 0 0 0
-0.229397 1.52566 0.0871457 -0.461547 0 0.887116 0 0
-0.292744 1.52566 -0.0206899 0.737427 0 -0.675427 0 0
-0.292744 1.52566 -0.0206899 0 -1 0 0 0
-0.292744 1.93394 -0.0206899 0.675429 0 -0.737425 0 0
-0.292744 1.93394 -0.0206899 0.224815 0.952396 -0.205912 0 0
-0.423997 1.9933 0.110564 0.104167 0.988036 -0.113729 0 0
-0.494239 1.9933 0.180805 0 1 0 0 0
-0.494239 1.9933 0.180805 -0.178926 -0.970118 0.163883 0 0
-0.326255 1.93394 0.0128223 -0.163883 -0.970117 0.178926 0 0
-0.326255 1.93394 0.0128223 -0.737427 0 0.675427 0 0
-0.326255 1.52566 0.0128223 0 -1 0 0 0
-0.326255 1.52566 0.0128223 -0.675429 0 0.737425 0 0
-0.359535 1.52566 -0.107733 0.887116 0 -0.461547 0 0
-0.359535 1.52566 -0.107733 0 -1 0 0 0
-0.359535 1.93394 -0.107733 0.843271 0 -0.537488 0 0
-0.359535 1.93394 -0.107733 0.270449 0.952396 -0.140709 0 0
-0.520286 1.9933 -0.014923 0.130052 0.988036 -0.0828934 0 0
-0.606316 1.9933 0.0347457 0 1 0 0 0
-0.606316 1.9933 0.0347457 -0.215244 -0.970118 0.111989 0 0
-0.400578 1.93394 -0.0840358 -0.204606 -0.970118 0.130414 0 0
-0.400578 1.93394 -0.0840358 -0.887112 0 0.461554 0 0
-0.400578 1.52566 -0.0840358 0 -1 0 0 0
-0.400578 1.52566 -0.0840358 -0.843269 0 0.537492 0 0
-0.401521 1.52566 -0.209098 0.976343 0 -0.216226 0 0
-0.401521 1.52566 -0.209098 0 -1 0 0 0
-0.401521 1.93394 -0.209098 0.953651 0 -0.300916 0 0
-0.401521 1.93394 -0.209098 0.297652 0.952396 -0.0659186 0 0
-0.580816 1.9933 -0.161057 0.147075 0.988036 -0.0464083 0 0
-0.67677 1.9933 -0.135347 0 1 0 0 0
-0.67677 1.9933 -0.135347 -0.236895 -0.970118 0.0524623 0 0
-0.4473 1.93394 -0.196832 -0.231389 -0.970118 0.0730127 0 0
-0.4473 1.93394 -0.196832 -0.976345 0 0.216219 0 0
-0.4473 1.52566 -0.196832 0 -1 0 0 0
-0.4473 1.52566 -0.196832 -0.95365 0 0.300917 0 0
-0.415843 1.52566 -0.317875 0.999038 0 0.0438449 0 0
-0.415843 1.52566 -0.317875 0 -1 0 0 0
-0.415843 1.93394 -0.317875 0.999038 0 -0.0438461 0 0
-0.415843 1.93394 -0.317875 0.30457 0.952396 0.0133658 0 0
-0.601462 1.9933 -0.317875 0.154076 0.988036 -0.00676209 0 0
-0.7008 1.9933 -0.317875 0 1 0 0 0
-0.7008 1.9933 -0.317875 -0.242402 -0.970118 -0.010637 0 0
-0.463235 1.93394 -0.317875 -0.242402 -0.970118 0.0106375 0 0
-0.463235 1.93394 -0.317875 -0.999039 0 -0.0438396 0 0
-0.463235 1.52566 -0.317875 0 -1 0 0 0
-0.463235 1.52566 -0.317875 -0.999039 0 0.0438407 0 0
-0.401521 1.52566 -0.426653 0.95365 0 0.300917 0 0
-0.401521 1.52566 -0.426653 0 -1 0 0 0
-0.401521 1.93394 -0.426653 0.976343 0 0.216226 0 0
-0.401521 1.93394 -0.426653 0.290733 0.952396 0.0917394 0 0
-0.580816 1.9933 -0.474695 0.150575 0.988036 0.0333472 0 0
-0.67677 1.9933 -0.500405 0 1 0 0 0
-0.67677 1.9933 -0.500405 -0.231389 -0.970118 -0.0730133 0 0
-0.4473 1.93394 -0.438919 -0.236895 -0.970118 -0.0524628 0 0
-0.4473 1.93394 -0.438919 -0.953649 0 -0.30092 0 0
-0.4473 1.52566 -0.438919 0 -1 0 0 0
-0.4473 1.52566 -0.438919 -0.976345 0 -0.21622 0 0
-0.359535 1.52566 -0.528018 0.843274 0 0.537485 0 0
-0.359535 1.52566 -0.528018 0 -1 0 0 0
-0.359535 1.93394 -0.528018 0.887116 0 0.461547 0 0
-0.359535 1.93394 -0.528018 0.257084 0.952396 0.16386 0 0
-0.520286 1.9933 -0.620827 0.136814 0.988036 0.0711818 0 0
-0.606316 1.9933 -0.670497 0 1 0 0 0
-0.606316 1.9933 -0.670497 -0.204607 -0.970118 -0.130413 0 0
-0.400578 1.93394 -0.551714 -0.215244 -0.970118 -0.111988 0 0
-0.400578 1.93394 -0.551714 -0.843271 0 -0.537488 0 0
-0.400578 1.52566 -0.551714 0 -1 0 0 0
-0.400578 1.52566 -0.551714 -0.887112 0 -0.461554 0 0
-0.292744 1.52566 -0.615062 0.675433 0 0.737422 0 0
-0.292744 1.52566 -0.615062 0 -1 0 0 0
-0.292744 1.93394 -0.615062 0.737432 0 0.675422 0 0
-0.292744 1.93394 -0.615062 0.205915 0.952395 0.224815 0 0
-0.423997 1.9933 -0.746314 0.113729 0.988036 0.104167 0 0
-0.494239 1.9933 -0.816556 0 1 0 0 0
-0.494239 1.9933 -0.816556 -0.163883 -0.970117 -0.178926 0 0
-0.326255 1.93394 -0.648574 -0.178926 -0.970118 -0.163882 0 0
-0.326255 1.93394 -0.648574 -0.67543 0 -0.737424 0 0
-0.326255 1.52566 -0.648574 0 -1 0 0 0
-0.326255 1.52566 -0.648574 -0.737431 0 -0.675423 0 0
-0.2057 1.52566 -0.681855 0.461551 0 0.887114 0 0
-0.2057 1.52566 -0.681855 0 -1 0 0 0
-0.2057 1.93394 -0.681855 0.537493 0 0.843268 0 0
-0.2057 1.93394 -0.681855 0.140712 0.952395 0.27045 0 0
-0.298509 1.9933 -0.842604 0.0828945 0.988036 0.130053 0 0
-0.348179 1.9933 -0.928633 0 1 0 0 0
-0.348179 1.9933 -0.928633 -0.111989 -0.970117 -0.215246 0 0
-0.229397 1.93394 -0.722897 -0.130414 -0.970117 -0.204608 0 0
-0.229397 1.93394 -0.722897 -0.46155 0 -0.887114 0 0
-0.229397 1.52566 -0.722897 0 -1 0 0 0
-0.229397 1.52566 -0.722897 -0.537491 0 -0.84327 0 0
-0.104335 1.52566 -0.723841 0.216215 0 0.976346 0 0
-0.104335 1.52566 -0.723841 0 -1 0 0 0
-0.104335 1.93394 -0.723841 0.300912 0 0.953652 0 0
-0.104335 1.93394 -0.723841 0.0659167 0.952395 0.297654 0 0
-0.152377 1.9933 -0.903134 0.0464086 0.988036 0.147077 0 0
-0.178087 1.9933 -0.999087 0 1 0 0 0
-0.178087 1.9933 -0.999087 -0.0524634 -0.970117 -0.236896 0 0
-0.116601 1.93394 -0.769618 -0.0730133 -0.970117 -0.23139 0 0
-0.116601 1.93394 -0.769618 -0.216222 0 -0.976344 0 0
-0.116601 1.52566 -0.769618 0 -1 0 0 0
-0.116601 1.52566 -0.769618 -0.300916 0 -0.953651 0 0
0.004443 1.52566 -0.738161 0 -1 0 0 0
0.004443 1.52566 -0.738161 -0.0438395 0 0.999039 0 0
0.004443 1.93394 -0.738161 0.0438392 0 0.999039 0 0
0.004443 1.93394 -0.738161 -0.0133655 0.952395 0.304573 0 0
0.004443 1.9933 -0.923779 0.0067611 0.988036 0.154077 0 0
0.004443 1.9933 -1.02312 0.0106378 -0.970117 -0.242402 0 0
0.004443 1.9933 -1.02312 0 1 0 0 0
0.004443 1.93394 -0.785554 0.0438428 0 -0.999039 0 0
0.004443 1.93394 -0.785554 -0.0106378 -0.970117 -0.242402 0 0
0.004443 1.52566 -0.785554 0 -1 0 0 0
0.004443 1.52566 -0.785554 -0.0438427 0 -0.999039 0 0
2 262 77
2 253 262
1 254 3
1 255 254
26 256 0
26 257 256
40 257 26
40 259 257
58 258 39
58 261 258
76 260 57
76 263 260
94 77 88
94 2 77
115 3 95
115 1 3
32 0 114
32 26 0
51 26 32
51 40 26
69 39 50
69 58 39
87 57 68
87 76 57
106 88 101
106 94 88
28 95 107
28 115 95
45 114 27
45 32 114
63 32 45
63 51 32
83 50 62
83 69 50
100 68 82
100 87 68
22 101 44
22 106 101
25 107 23
25 28 107
29 27 24
29 45 27
31 45 29
31 63 45
42 62 30
42 83 62
43 82 41
43 100 82
46 44 67
46 22 44
49 23 47
49 25 23
59 24 48
59 29 24
61 29 59
61 31 29
65 30 60
65 42 30
66 41 64
66 43 41
78 67 99
78 46 67
81 47 79
81 49 47
84 48 80
84 59 48
86 59 84
86 61 59
97 60 85
97 65 60
98 64 96
98 66 64
102 99 36
102 78 99
105 79 103
105 81 79
116 80 104
116 84 80
118 84 116
118 86 84
34 85 117
34 97 85
35 96 33
35 98 96
37 36 73
37 102 36
53 103 38
53 105 103
54 104 52
54 116 104
56 116 54
56 118 116
71 117 55
71 34 117
72 33 70
72 35 33
74 73 111
74 37 73
90 38 75
90 53 38
91 52 89
91 54 52
93 54 91
93 56 54
109 55 92
109 71 55
110 70 108
110 72 70
112 111 12
112 74 111
5 75 113
5 90 75
6 89 4
6 91 89
8 91 6
8 93 91
10 92 7
10 109 92
11 108 9
11 110 108
13 12 120
13 112 12
16 113 14
16 5 113
17 4 15
17 6 4
19 6 17
19 8 6
21 7 18
21 10 7
119 9 20
119 11 9
122 120 131
122 13 120
124 14 121
124 16 14
125 15 123
125 17 15
126 17 125
126 19 17
128 18 127
128 21 18
130 20 129
130 119 20
133 131 141
133 122 131
134 121 132
134 124 121
136 123 135
136 125 123
137 125 136
137 126 125
139 127 138
139 128 127
142 129 140
142 130 129
144 141 152
144 133 141
145 132 143
145 134 132
147 135 146
147 136 135
148 136 147
148 137 136
150 138 149
150 139 138
153 140 151
153 142 140
155 152 163
155 144 152
156 143 154
156 145 143
158 146 157
158 147 146
159 147 158
159 148 147
161 149 160
161 150 149
164 151 162
164 153 151
166 163 174
166 155 163
167 154 165
167 156 154
169 157 168
169 158 157
170 158 169
170 159 158
172 160 171
172 161 160
175 162 173
175 164 162
177 174 185
177 166 174
178 165 176
178 167 165
180 168 179
180 169 168
181 169 180
181 170 169
183 171 182
183 172 171
186 173 184
186 175 173
188 185 196
188 177 185
189 176 187
189 178 176
191 179 190
191 180 179
192 180 191
192 181 180
194 182 193
194 183 182
197 184 195
197 186 184
199 196 207
199 188 196
200 187 198
200 189 187
202 190 201
202 191 190
203 191 202
203 192 191
205 193 204
205 194 193
208 195 206
208 197 195
210 207 218
210 199 207
211 198 209
211 200 198
213 201 212
213 202 201
214 202 213
214 203 202
216 204 215
216 205 204
219 206 217
219 208 206
221 218 229
221 210 218
222 209 220
222 211 209
224 212 223
224 213 212
225 213 224
225 214 213
227 215 226
227 216 215
230 217 228
230 219 217
232 229 240
232 221 229
233 220 231
233 222 220
235 223 234
235 224 223
236 224 235
236 225 224
238 226 237
238 227 226
241 228 239
241 230 228
243 240 251
243 232 240
244 231 242
244 233 231
246 234 245
246 235 234
247 235 246
247 236 235
249 237 248
249 238 237
252 239 250
252 241 239
253 251 262
253 243 251
255 242 254
255 244 242
257 245 256
257 246 245
259 246 257
259 247 246
261 248 258
261 249 248
263 250 260
263 252 250
LABEL Box65
MATERIAL 5
TEXTURE 2
GEOM 864 480 ; Box65
0.721885 2.2798 -0.465223 0.958827 -5.98212e-005 -0.283992 0 0
0.721885 2.2798 -0.465223 0.222264 0.622587 0.750322 0 0
0.721885 2.2798 -0.465223 0 1 0 0 0
0.717211 2.2798 -0.481005 0.958834 -9.87857e-005 -0.283966 0 0
0.717211 2.2798 -0.481005 0 1 0 0 0
0.717211 2.2798 -0.481005 -0.222221 0.622597 -0.750327 0 0
0.727538 2.25478 -0.446137 0.958819 -6.95223e-006 -0.284017 0 0
0.727538 2.25478 -0.446137 0.284029 0 0.958816 0 0
0.727538 2.25478 -0.446137 0.222268 0.622585 0.750324 0 0
0.711556 2.25478 -0.500091 0.958824 -3.98808e-005 -0.284 0 0
0.711556 2.25478 -0.500091 -0.222245 0.622578 -0.750336 0 0
0.711556 2.25478 -0.500091 -0.284022 0 -0.958818 0 0
0.727538 2.22977 -0.446137 0.958819 0 -0.284017 0 0
0.727538 2.22977 -0.446137 0.284029 0 0.958816 0 0
0.727538 2.22977 -0.446137 0 -1 0 0 0
0.711556 2.22977 -0.500091 0.958819 0 -0.284017 0 0
0.711556 2.22977 -0.500091 0 -1 0 0 0
0.711556 2.22977 -0.500091 -0.284011 1.8852e-005 -0.958821 0 0
0.684764 2.2798 -0.454227 0.22226 0.62259 0.750321 0 0
0.684764 2.2798 -0.454227 0 1 0 0 0
0.684764 2.2798 -0.454227 -0.958828 6.83361e-005 0.283986 0 0
0.68009 2.2798 -0.470011 0 1 0 0 0
0.68009 2.2798 -0.470011 -0.222245 0.622578 -0.750336 0 0
0.68009 2.2798 -0.470011 -0.958842 0.000139096 0.28394 0 0
0.690418 2.25478 -0.435141 0.284029 0 0.958816 0 0
0.690418 2.25478 -0.435141 0.222264 0.622587 0.750322 0 0
0.690418 2.25478 -0.435141 -0.958815 -4.53083e-006 0.284031 0 0
0.674435 2.25478 -0.489095 -0.222268 0.622559 -0.750345 0 0
0.674435 2.25478 -0.489095 -0.284011 1.8852e-005 -0.958821 0 0
0.674435 2.25478 -0.489095 -0.958824 4.18344e-005 0.284002 0 0
0.690418 2.22977 -0.435141 0.284029 0 0.958816 0 0
0.690418 2.22977 -0.435141 0 -1 0 0 0
0.690418 2.22977 -0.435141 -0.958816 0 0.284028 0 0
0.674435 2.22977 -0.489096 0 -1 0 0 0
0.674435 2.22977 -0.489096 -0.283999 3.7704e-005 -0.958825 0 0
0.674435 2.22977 -0.489096 -0.958815 -5.58454e-006 0.284031 0 0
0.695469 2.2798 -0.554395 0.958816 1.92947e-005 -0.284028 0 0
0.695469 2.2798 -0.554395 0.222244 0.622618 0.750303 0 0
0.695469 2.2798 -0.554395 0 1 0 0 0
0.690794 2.2798 -0.570176 0.958812 4.2173e-005 -0.284043 0 0
0.690794 2.2798 -0.570176 0 1 0 0 0
0.690794 2.2798 -0.570176 -0.222262 0.622585 -0.750325 0 0
0.683717 2.2798 -0.180479 0.162708 0.622583 -0.765452 0 0
0.683717 2.2798 -0.180479 0 1 0 0 0
0.683717 2.2798 -0.180479 -0.978149 -2.40136e-005 -0.207905 0 0
0.676156 2.25478 -0.144907 -0.162696 0.622598 0.765442 0 0
0.676156 2.25478 -0.144907 -0.207882 0 0.978154 0 0
0.676156 2.25478 -0.144907 -0.978148 1.08263e-005 -0.207912 0 0
0.687856 2.25478 -0.199949 0.207906 -3.96385e-006 -0.978149 0 0
0.687856 2.25478 -0.199949 0.162701 0.622575 -0.76546 0 0
0.687856 2.25478 -0.199949 -0.978147 2.82173e-006 -0.207913 0 0
0.676156 2.22977 -0.144907 0 -1 0 0 0
0.676156 2.22977 -0.144907 -0.207882 0 0.978154 0 0
0.676156 2.22977 -0.144907 -0.97815 0 -0.207902 0 0
0.687855 2.22977 -0.199949 0.207904 -7.9277e-006 -0.978149 0 0
0.687855 2.22977 -0.199949 0 -1 0 0 0
0.687855 2.22977 -0.199949 -0.978148 1.86491e-005 -0.20791 0 0
0.472445 2.2798 0.237102 0.694677 -3.63386e-005 0.719322 0 0
0.472445 2.2798 0.237102 0 1 0 0 0
0.472445 2.2798 0.237102 -0.56291 0.622586 0.543616 0 0
0.484284 2.2798 0.225668 0.694696 2.77598e-006 0.719303 0 0
0.484284 2.2798 0.225668 0.562933 0.622606 -0.54357 0 0
0.484284 2.2798 0.225668 0 1 0 0 0
0.458125 2.25478 0.250928 0.694657 -2.51511e-005 0.719341 0 0
0.458125 2.25478 0.250928 -0.562909 0.62258 0.543625 0 0
0.458125 2.25478 0.250928 -0.71932 0 0.694678 0 0
0.498603 2.25478 0.211839 0.719333 0 -0.694665 0 0
0.498603 2.25478 0.211839 0.69467 -2.42257e-005 0.719328 0 0
0.498603 2.25478 0.211839 0.56293 0.622586 -0.543596 0 0
0.458125 2.22977 0.250928 0.694657 0 0.719341 0 0
0.458125 2.22977 0.250928 0 -1 0 0 0
0.458125 2.22977 0.250928 -0.71932 0 0.694678 0 0
0.498603 2.22977 0.211839 0.719333 0 -0.694665 0 0
0.498603 2.22977 0.211839 0.694657 0 0.719341 0 0
0.498603 2.22977 0.211839 0 -1 0 0 0
0.445551 2.2798 0.209253 0 1 0 0 0
0.445551 2.2798 0.209253 -0.562911 0.622593 0.543608 0 0
0.445551 2.2798 0.209253 -0.694689 -4.57516e-005 -0.71931 0 0
0.457391 2.2798 0.197817 0.56293 0.622586 -0.543596 0 0
0.457391 2.2798 0.197817 0 1 0 0 0
0.457391 2.2798 0.197817 -0.69473 -0.000128426 -0.719271 0 0
0.431231 2.25478 0.22308 -0.56291 0.622586 0.543616 0 0
0.431231 2.25478 0.22308 -0.694648 1.23076e-005 -0.71935 0 0
0.431231 2.25478 0.22308 -0.71932 0 0.694678 0 0
0.47171 2.25478 0.183991 0.719333 0 -0.694665 0 0
0.47171 2.25478 0.183991 0.562927 0.622566 -0.543622 0 0
0.47171 2.25478 0.183991 -0.694675 -3.05011e-005 -0.719324 0 0
0.431231 2.22977 0.22308 0 -1 0 0 0
0.431231 2.22977 0.22308 -0.694648 0 -0.71935 0 0
0.431231 2.22977 0.22308 -0.71932 0 0.694678 0 0
0.47171 2.22977 0.183991 0.719333 0 -0.694665 0 0
0.47171 2.22977 0.183991 0 -1 0 0 0
0.47171 2.22977 0.183991 -0.694648 0 -0.71935 0 0
0.540036 2.2798 0.172392 0.707081 -2.42672e-005 0.707133 0 0
0.540036 2.2798 0.172392 0 1 0 0 0
0.540036 2.2798 0.172392 -0.553337 0.622595 0.553347 0 0
0.551675 2.2798 0.160755 0.707045 -9.7064e-005 0.707168 0 0
0.551675 2.2798 0.160755 0.553367 0.622589 -0.553324 0 0
0.551675 2.2798 0.160755 0 1 0 0 0
0.525961 2.25478 0.186469 0.707116 1.61765e-005 0.707098 0 0
0.525961 2.25478 0.186469 -0.553338 0.622601 0.553339 0 0
0.525961 2.25478 0.186469 -0.707106 0 0.707108 0 0
0.56575 2.25478 0.146679 0.707093 -1.61781e-005 0.707121 0 0
0.56575 2.25478 0.146679 0.707094 0 -0.70712 0 0
0.56575 2.25478 0.146679 0.553363 0.622568 -0.553352 0 0
0.525961 2.22977 0.186469 0.707116 0 0.707097 0 0
0.525961 2.22977 0.186469 0 -1 0 0 0
0.525961 2.22977 0.186469 -0.707106 0 0.707108 0 0
0.56575 2.22977 0.146679 0.707116 0 0.707097 0 0
0.56575 2.22977 0.146679 0.707094 0 -0.70712 0 0
0.56575 2.22977 0.146679 0 -1 0 0 0
0.51266 2.2798 0.145017 0 1 0 0 0
0.51266 2.2798 0.145017 -0.553336 0.622589 0.553355 0 0
0.51266 2.2798 0.145017 -0.707122 -5.90115e-005 -0.707092 0 0
0.524299 2.2798 0.133377 0.553363 0.622568 -0.553352 0 0
0.524299 2.2798 0.133377 0 1 0 0 0
0.524299 2.2798 0.133377 -0.707138 -9.08472e-005 -0.707076 0 0
0.498585 2.25478 0.159093 -0.553337 0.622595 0.553347 0 0
0.498585 2.25478 0.159093 -0.707107 -9.05858e-006 -0.707107 0 0
0.498585 2.25478 0.159093 -0.707106 0 0.707108 0 0
0.538374 2.25478 0.119304 0.707094 0 -0.70712 0 0
0.538374 2.25478 0.119304 0.553359 0.622548 -0.553379 0 0
0.538374 2.25478 0.119304 -0.707117 -3.9341e-005 -0.707097 0 0
0.498585 2.22977 0.159093 0 -1 0 0 0
0.498585 2.22977 0.159093 -0.707107 0 -0.707107 0 0
0.498585 2.22977 0.159093 -0.707106 0 0.707108 0 0
0.538374 2.22977 0.119304 0.707094 0 -0.70712 0 0
0.538374 2.22977 0.119304 0 -1 0 0 0
0.538374 2.22977 0.119304 -0.707107 0 -0.707107 0 0
0.475781 2.22977 -0.8254 0.74315 0 0.669125 0 0
0.475781 2.22977 -0.8254 0 -1 0 0 0
0.475781 2.22977 -0.8254 -0.669129 0 0.743146 0 0
0.528984 2.25478 -0.829595 0.669132 7.27935e-006 -0.743144 0 0
0.528984 2.25478 -0.829595 -0.581529 0.622596 -0.523639 0 0
0.528984 2.25478 -0.829595 -0.743127 0 -0.66915 0 0
0.556008 2.2798 -0.805262 0.669133 1.0919e-005 -0.743143 0 0
0.556008 2.2798 -0.805262 0.581531 0.62261 0.523621 0 0
0.556008 2.2798 -0.805262 0 1 0 0 0
0.528984 2.22977 -0.829595 0.66913 0 -0.743145 0 0
0.528984 2.22977 -0.829595 0 -1 0 0 0
0.528984 2.22977 -0.829595 -0.743127 0 -0.66915 0 0
0.570802 2.25478 -0.791942 0.743133 -1.3555e-005 0.669144 0 0
0.570802 2.25478 -0.791942 0.66913 5.24141e-006 -0.743145 0 0
0.570802 2.25478 -0.791942 0.58153 0.622611 0.523621 0 0
0.517871 2.2798 -0.787505 0 1 0 0 0
0.517871 2.2798 -0.787505 -0.581529 0.622596 -0.523639 0 0
0.517871 2.2798 -0.787505 -0.669108 -3.14545e-005 0.743165 0 0
0.570802 2.22977 -0.791942 0.743127 0 0.66915 0 0
0.570802 2.22977 -0.791942 0.66913 0 -0.743145 0 0
0.570802 2.22977 -0.791942 0 -1 0 0 0
0.503078 2.25478 -0.800825 -0.581529 0.622596 -0.523639 0 0
0.503078 2.25478 -0.800825 -0.669129 -9.3489e-007 0.743146 0 0
0.503078 2.25478 -0.800825 -0.743127 0 -0.66915 0 0
0.530103 2.2798 -0.776492 0.581532 0.622609 0.523621 0 0
0.530103 2.2798 -0.776492 0 1 0 0 0
0.530103 2.2798 -0.776492 -0.669124 -1.40234e-006 0.743151 0 0
0.503078 2.22977 -0.800825 0 -1 0 0 0
0.503078 2.22977 -0.800825 -0.669134 -1.50542e-005 0.743142 0 0
0.503078 2.22977 -0.800825 -0.743127 0 -0.66915 0 0
0.544896 2.25478 -0.763171 0.743139 -2.71099e-005 0.669137 0 0
0.544896 2.25478 -0.763171 0.581531 0.62261 0.523621 0 0
0.544896 2.25478 -0.763171 -0.669136 -4.86192e-007 0.74314 0 0
0.474662 2.2798 -0.878503 0.669073 7.23513e-005 -0.743197 0 0
0.474662 2.2798 -0.878503 0 1 0 0 0
0.474662 2.2798 -0.878503 -0.581529 0.622597 -0.523639 0 0
0.544896 2.22977 -0.763172 0.743133 -1.3555e-005 0.669144 0 0
0.544896 2.22977 -0.763172 0 -1 0 0 0
0.544896 2.22977 -0.763172 -0.669129 -3.01084e-005 0.743146 0 0
0.459869 2.25478 -0.891823 0.669098 2.37562e-005 -0.743175 0 0
0.459869 2.25478 -0.891823 -0.581529 0.622596 -0.523639 0 0
0.459869 2.25478 -0.891823 -0.743128 0 -0.66915 0 0
0.486894 2.2798 -0.867491 0.669091 3.56342e-005 -0.74318 0 0
0.486894 2.2798 -0.867491 0.581547 0.622589 0.523628 0 0
0.486894 2.2798 -0.867491 0 1 0 0 0
0.459869 2.22977 -0.891823 0.66911 0 -0.743163 0 0
0.459869 2.22977 -0.891823 0 -1 0 0 0
0.459869 2.22977 -0.891823 -0.743128 0 -0.66915 0 0
0.501687 2.25478 -0.854172 0.74315 0 0.669125 0 0
0.501687 2.25478 -0.854172 0.66911 -3.60941e-007 -0.743163 0 0
0.501687 2.25478 -0.854172 0.581555 0.622582 0.523626 0 0
0.448756 2.2798 -0.849733 0 1 0 0 0
0.448756 2.2798 -0.849733 -0.581529 0.622596 -0.523639 0 0
0.448756 2.2798 -0.849733 -0.669107 -3.32154e-005 0.743166 0 0
0.501687 2.22977 -0.854172 0.74315 0 0.669125 0 0
0.501687 2.22977 -0.854172 0.66911 0 -0.743163 0 0
0.501687 2.22977 -0.854172 0 -1 0 0 0
0.433963 2.25478 -0.863053 -0.58153 0.622596 -0.523639 0 0
0.433963 2.25478 -0.863053 -0.669122 -7.83333e-006 0.743153 0 0
0.433963 2.25478 -0.863053 -0.743128 0 -0.66915 0 0
0.460988 2.2798 -0.83872 0.581538 0.622596 0.52363 0 0
0.460988 2.2798 -0.83872 0 1 0 0 0
0.460988 2.2798 -0.83872 -0.669118 -1.175e-005 0.743156 0 0
0.433963 2.22977 -0.863053 0 -1 0 0 0
0.433963 2.22977 -0.863053 -0.669129 0 0.743146 0 0
0.433963 2.22977 -0.863053 -0.743128 0 -0.66915 0 0
0.475781 2.25478 -0.8254 0.74315 0 0.669125 0 0
0.475781 2.25478 -0.8254 0.581547 0.622589 0.523628 0 0
0.475781 2.25478 -0.8254 -0.669129 3.23847e-006 0.743146 0 0
0.543777 2.2798 -0.816275 0.669135 6.11382e-006 -0.743141 0 0
0.543777 2.2798 -0.816275 0 1 0 0 0
0.543777 2.2798 -0.816275 -0.581529 0.622596 -0.523639 0 0
0.701123 2.25478 -0.535307 0.958821 -1.19457e-006 -0.284013 0 0
0.701123 2.25478 -0.535307 0.283997 0 0.958825 0 0
0.701123 2.25478 -0.535307 0.222233 0.622627 0.750298 0 0
0.685141 2.25478 -0.589262 0.958818 1.28631e-005 -0.284023 0 0
0.685141 2.25478 -0.589262 -0.22225 0.622594 -0.750321 0 0
0.685141 2.25478 -0.589262 -0.283998 0 -0.958825 0 0
0.701123 2.22977 -0.535307 0.958821 0 -0.284013 0 0
0.701123 2.22977 -0.535307 0.283997 0 0.958825 0 0
0.701123 2.22977 -0.535307 0 -1 0 0 0
0.685141 2.22977 -0.589262 0.958821 0 -0.284013 0 0
0.685141 2.22977 -0.589262 0 -1 0 0 0
0.685141 2.22977 -0.589262 -0.283985 1.94234e-005 -0.958829 0 0
0.658348 2.2798 -0.543399 0.222256 0.622609 0.750307 0 0
0.658348 2.2798 -0.543399 0 1 0 0 0
0.658348 2.2798 -0.543399 -0.958817 -2.88428e-005 0.284023 0 0
0.653673 2.2798 -0.55918 0 1 0 0 0
0.653673 2.2798 -0.55918 -0.22225 0.622594 -0.750321 0 0
0.653673 2.2798 -0.55918 -0.958814 -4.81511e-005 0.284036 0 0
0.664002 2.25478 -0.524312 0.283997 0 0.958825 0 0
0.664002 2.25478 -0.524312 0.222244 0.622618 0.750303 0 0
0.664002 2.25478 -0.524312 -0.958822 -7.0137e-006 0.284009 0 0
0.64802 2.25478 -0.578267 -0.222239 0.622604 -0.750316 0 0
0.64802 2.25478 -0.578267 -0.283985 1.94234e-005 -0.958829 0 0
0.64802 2.25478 -0.578267 -0.958819 -2.30641e-005 0.284019 0 0
0.664002 2.22977 -0.524312 0.283997 0 0.958825 0 0
0.664002 2.22977 -0.524312 0 -1 0 0 0
0.664002 2.22977 -0.524312 -0.958823 0 0.284006 0 0
0.64802 2.22977 -0.578268 0 -1 0 0 0
0.64802 2.22977 -0.578268 -0.283973 3.88469e-005 -0.958832 0 0
0.64802 2.22977 -0.578268 -0.958822 -5.75331e-006 0.284008 0 0
0.69883 2.2798 -0.0653598 0.978149 -3.12588e-005 0.207905 0 0
0.69883 2.2798 -0.0653598 0 1 0 0 0
0.69883 2.2798 -0.0653598 -0.162698 0.622577 0.765459 0 0
0.702252 2.2798 -0.0814596 0.978149 -3.27186e-005 0.207906 0 0
0.702252 2.2798 -0.0814596 0.162707 0.622613 -0.765428 0 0
0.702252 2.2798 -0.0814596 0 1 0 0 0
0.694691 2.25478 -0.0458899 0.978149 -9.933e-006 0.207904 0 0
0.694691 2.25478 -0.0458899 -0.162696 0.622574 0.765462 0 0
0.694691 2.25478 -0.0458899 -0.207902 0 0.97815 0 0
0.70639 2.25478 -0.100932 0.978149 -2.08392e-005 0.207905 0 0
0.70639 2.25478 -0.100932 0.207902 0 -0.97815 0 0
0.70639 2.25478 -0.100932 0.1627 0.622604 -0.765437 0 0
0.694691 2.22977 -0.0458899 0.978149 0 0.207904 0 0
0.694691 2.22977 -0.0458899 0 -1 0 0 0
0.694691 2.22977 -0.0458899 -0.207902 0 0.97815 0 0
0.70639 2.22977 -0.100932 0.978149 0 0.207904 0 0
0.70639 2.22977 -0.100932 0.207902 0 -0.97815 0 0
0.70639 2.22977 -0.100932 0 -1 0 0 0
0.66096 2.2798 -0.0734092 0 1 0 0 0
0.66096 2.2798 -0.0734092 -0.1627 0.62258 0.765456 0 0
0.66096 2.2798 -0.0734092 -0.978143 2.78213e-005 -0.207934 0 0
0.664383 2.2798 -0.0895094 0.1627 0.622604 -0.765437 0 0
0.664383 2.2798 -0.0895094 0 1 0 0 0
0.664383 2.2798 -0.0895094 -0.978137 7.20592e-005 -0.207964 0 0
0.656822 2.25478 -0.0539388 -0.162698 0.622577 0.765459 0 0
0.656822 2.25478 -0.0539388 -0.207902 0 0.97815 0 0
0.656822 2.25478 -0.0539388 -0.978149 -5.47222e-006 -0.207904 0 0
0.668521 2.25478 -0.108981 0.207902 0 -0.97815 0 0
0.668521 2.25478 -0.108981 0.162692 0.622596 -0.765445 0 0
0.668521 2.25478 -0.108981 -0.978145 1.85475e-005 -0.207924 0 0
0.656822 2.22977 -0.0539388 0 -1 0 0 0
0.656822 2.22977 -0.0539388 -0.207902 0 0.97815 0 0
0.656822 2.22977 -0.0539388 -0.978149 0 -0.207904 0 0
0.668521 2.22977 -0.108981 0.207902 0 -0.97815 0 0
0.668521 2.22977 -0.108981 0 -1 0 0 0
0.668521 2.22977 -0.108981 -0.978149 0 -0.207904 0 0
0.718163 2.2798 -0.15633 0.978143 -2.5731e-005 0.207933 0 0
0.718163 2.2798 -0.15633 0 1 0 0 0
0.718163 2.2798 -0.15633 -0.162696 0.622598 0.765442 0 0
0.721586 2.2798 -0.172429 0.978137 -6.81011e-005 0.207962 0 0
0.721586 2.2798 -0.172429 0.162715 0.622591 -0.765444 0 0
0.721586 2.2798 -0.172429 0 1 0 0 0
0.714025 2.25478 -0.136859 0.978149 5.54636e-006 0.207905 0 0
0.714025 2.25478 -0.136859 -0.16268 0.622579 0.765461 0 0
0.714025 2.25478 -0.136859 -0.207882 0 0.978154 0 0
0.725724 2.25478 -0.1919 0.978145 -1.7154e-005 0.207924 0 0
0.725724 2.25478 -0.1919 0.207909 0 -0.978148 0 0
0.725724 2.25478 -0.1919 0.162708 0.622583 -0.765452 0 0
0.714025 2.22977 -0.136859 0.978149 0 0.207905 0 0
0.714025 2.22977 -0.136859 0 -1 0 0 0
0.714025 2.22977 -0.136859 -0.207882 0 0.978154 0 0
0.725724 2.22977 -0.1919 0.978149 0 0.207905 0 0
0.725724 2.22977 -0.1919 0.207906 -3.96385e-006 -0.978149 0 0
0.725724 2.22977 -0.1919 0 -1 0 0 0
0.680295 2.2798 -0.164379 0 1 0 0 0
0.680295 2.2798 -0.164379 -0.162712 0.622616 0.765424 0 0
0.680295 2.2798 -0.164379 -0.978148 -1.44165e-005 -0.207911 0 0
0.11597 2.2798 0.402824 0.241931 4.3353e-005 0.970293 0 0
0.11597 2.2798 0.402824 0 1 0 0 0
0.11597 2.2798 0.402824 -0.759302 0.622592 0.189316 0 0
0.13194 2.2798 0.398842 0.759293 0.622608 -0.189299 0 0
0.13194 2.2798 0.398842 0.241931 4.35323e-005 0.970293 0 0
0.13194 2.2798 0.398842 0 1 0 0 0
0.0966556 2.25478 0.407641 0.241937 1.67287e-006 0.970292 0 0
0.0966556 2.25478 0.407641 -0.759299 0.622597 0.189309 0 0
0.0966556 2.25478 0.407641 -0.970297 0 0.241916 0 0
0.151256 2.25478 0.394027 0.970294 9.51339e-006 -0.241928 0 0
0.151256 2.25478 0.394027 0.759298 0.622599 -0.18931 0 0
0.151256 2.25478 0.394027 0.241931 1.61836e-005 0.970293 0 0
0.0966556 2.22977 0.407641 0.241948 0 0.970289 0 0
0.0966556 2.22977 0.407641 0 -1 0 0 0
0.0966556 2.22977 0.407641 -0.970297 0 0.241916 0 0
0.151256 2.22977 0.394026 0.970293 4.7567e-006 -0.241931 0 0
0.151256 2.22977 0.394026 0.241939 -1.90775e-005 0.970291 0 0
0.151256 2.22977 0.394026 0 -1 0 0 0
0.106604 2.2798 0.365259 0 1 0 0 0
0.106604 2.2798 0.365259 -0.241916 -2.13137e-005 -0.970297 0 0
0.106604 2.2798 0.365259 -0.759304 0.622587 0.189322 0 0
0.122575 2.2798 0.361277 0.759298 0.622599 -0.18931 0 0
0.122575 2.2798 0.361277 0 1 0 0 0
0.122575 2.2798 0.361277 -0.241915 -2.09352e-005 -0.970297 0 0
0.0872896 2.25478 0.370075 -0.241916 -7.23071e-006 -0.970297 0 0
0.0872896 2.25478 0.370075 -0.759302 0.622592 0.189316 0 0
0.0872896 2.25478 0.370075 -0.970297 0 0.241916 0 0
0.14189 2.25478 0.356462 0.970293 4.7567e-006 -0.241931 0 0
0.14189 2.25478 0.356462 0.759302 0.62259 -0.189321 0 0
0.14189 2.25478 0.356462 -0.241916 -1.42091e-005 -0.970297 0 0
0.0872896 2.22977 0.370075 0 -1 0 0 0
0.0872896 2.22977 0.370075 -0.241916 0 -0.970297 0 0
0.0872896 2.22977 0.370075 -0.970297 0 0.241916 0 0
0.14189 2.22977 0.356462 0.970293 0 -0.241934 0 0
0.14189 2.22977 0.356462 0 -1 0 0 0
0.14189 2.22977 0.356462 -0.241916 0 -0.970297 0 0
0.207511 2.2798 0.380135 0.250411 1.73445e-005 0.96814 0 0
0.207511 2.2798 0.380135 0 1 0 0 0
0.207511 2.2798 0.380135 -0.757611 0.622603 0.195937 0 0
0.223446 2.2798 0.376013 0.757613 0.622601 -0.195936 0 0
0.223446 2.2798 0.376013 0.250432 4.913e-005 0.968134 0 0
0.223446 2.2798 0.376013 0 1 0 0 0
0.188238 2.25478 0.385119 0.25039 -4.81367e-006 0.968145 0 0
0.188238 2.25478 0.385119 -0.757613 0.622599 0.195941 0 0
0.188238 2.25478 0.385119 -0.968145 0 0.250391 0 0
0.242718 2.25478 0.371029 0.968144 0 -0.250394 0 0
0.242718 2.25478 0.371029 0.757614 0.622598 -0.19594 0 0
0.242718 2.25478 0.371029 0.250404 1.1563e-005 0.968141 0 0
0.188238 2.22977 0.385119 0.25039 0 0.968145 0 0
0.188238 2.22977 0.385119 0 -1 0 0 0
0.188238 2.22977 0.385119 -0.968145 0 0.250391 0 0
0.242718 2.22977 0.371029 0.968144 0 -0.250394 0 0
0.242718 2.22977 0.371029 0.25039 0 0.968145 0 0
0.242718 2.22977 0.371029 0 -1 0 0 0
0.197817 2.2798 0.342653 0 1 0 0 0
0.197817 2.2798 0.342653 -0.250412 -5.59555e-005 -0.968139 0 0
0.197817 2.2798 0.342653 -0.757609 0.622606 0.195933 0 0
0.213752 2.2798 0.338531 0.757614 0.622598 -0.19594 0 0
0.213752 2.2798 0.338531 0 1 0 0 0
0.213752 2.2798 0.338531 -0.250434 -8.85566e-005 -0.968134 0 0
0.178545 2.25478 0.347638 -0.25039 -7.78477e-006 -0.968145 0 0
0.178545 2.25478 0.347638 -0.757611 0.622603 0.195937 0 0
0.178545 2.25478 0.347638 -0.968145 0 0.250391 0 0
0.233024 2.25478 0.333548 0.968144 0 -0.250394 0 0
0.233024 2.25478 0.333548 0.757616 0.622595 -0.195944 0 0
0.233024 2.25478 0.333548 -0.250405 -3.73037e-005 -0.968141 0 0
0.178545 2.22977 0.347638 0 -1 0 0 0
0.178545 2.22977 0.347638 -0.25039 0 -0.968145 0 0
0.178545 2.22977 0.347638 -0.968145 0 0.250391 0 0
0.233024 2.22977 0.333548 0.968144 0 -0.250394 0 0
0.233024 2.22977 0.333548 0 -1 0 0 0
0.233024 2.22977 0.333548 -0.25039 0 -0.968145 0 0
-0.229806 2.2798 0.370191 0 1 0 0 0
-0.229806 2.2798 0.370191 -0.241903 -4.14942e-005 0.9703 0 0
-0.229806 2.2798 0.370191 -0.759299 0.622593 -0.189322 0 0
-0.213834 2.2798 0.374173 0.759318 0.622572 0.189314 0 0
-0.213834 2.2798 0.374173 0 1 0 0 0
-0.213834 2.2798 0.374173 -0.241907 -4.65663e-005 0.970299 0 0
-0.24912 2.25478 0.365375 -0.2419 -1.21407e-005 0.970301 0 0
-0.24912 2.25478 0.365375 -0.759311 0.622581 -0.189312 0 0
-0.24912 2.25478 0.365375 -0.970297 0 -0.241916 0 0
-0.19452 2.25478 0.378987 0.970287 0 0.241958 0 0
-0.19452 2.25478 0.378987 0.759302 0.622588 0.189327 0 0
-0.19452 2.25478 0.378987 -0.241902 -2.76628e-005 0.970301 0 0
-0.24912 2.22977 0.365375 0 -1 0 0 0
-0.24912 2.22977 0.365375 -0.2419 0 0.970301 0 0
-0.24912 2.22977 0.365375 -0.970297 0 -0.241916 0 0
-0.19452 2.22977 0.378987 0.970287 0 0.241958 0 0
-0.19452 2.22977 0.378987 0 -1 0 0 0
-0.19452 2.22977 0.378987 -0.2419 0 0.970301 0 0
-0.220439 2.2798 0.332626 0.241905 -3.30704e-005 -0.9703 0 0
-0.220439 2.2798 0.332626 0 1 0 0 0
-0.220439 2.2798 0.332626 -0.759287 0.622605 -0.189332 0 0
-0.204468 2.2798 0.336607 0.759302 0.622588 0.189327 0 0
-0.204468 2.2798 0.336607 0.241864 -9.45405e-005 -0.97031 0 0
-0.204468 2.2798 0.336607 0 1 0 0 0
-0.239754 2.25478 0.327809 0.241946 9.46658e-006 -0.97029 0 0
-0.239754 2.25478 0.327809 -0.759299 0.622593 -0.189322 0 0
-0.239754 2.25478 0.327809 -0.970297 0 -0.241916 0 0
-0.185153 2.25478 0.341424 0.970287 0 0.241958 0 0
-0.185153 2.25478 0.341424 0.759285 0.622605 0.189341 0 0
-0.185153 2.25478 0.341424 0.241918 -2.20469e-005 -0.970297 0 0
-0.239754 2.22977 0.327809 0.241946 0 -0.97029 0 0
-0.239754 2.22977 0.327809 0 -1 0 0 0
-0.239754 2.22977 0.327809 -0.970297 0 -0.241916 0 0
-0.185153 2.22977 0.341424 0.970287 0 0.241958 0 0
-0.185153 2.22977 0.341424 0.241946 0 -0.97029 0 0
-0.185153 2.22977 0.341424 0 -1 0 0 0
-0.138973 2.2798 0.391948 0 1 0 0 0
-0.138973 2.2798 0.391948 -0.241916 1.60816e-005 0.970297 0 0
-0.138973 2.2798 0.391948 -0.759309 0.622582 -0.189322 0 0
-0.123002 2.2798 0.39593 0.759295 0.6226 0.189314 0 0
-0.123002 2.2798 0.39593 0 1 0 0 0
-0.123002 2.2798 0.39593 -0.24192 1.06221e-005 0.970296 0 0
-0.158288 2.25478 0.387133 -0.241912 7.18033e-006 0.970298 0 0
-0.158288 2.25478 0.387133 -0.759294 0.622595 -0.189333 0 0
-0.158288 2.25478 0.387133 -0.97029 0 -0.241946 0 0
-0.103687 2.25478 0.400746 0.970297 0 0.241916 0 0
-0.103687 2.25478 0.400746 0.759298 0.622598 0.189312 0 0
-0.103687 2.25478 0.400746 -0.241915 1.0721e-005 0.970298 0 0
-0.158288 2.22977 0.387133 0 -1 0 0 0
-0.158288 2.22977 0.387133 -0.241912 0 0.970298 0 0
-0.158288 2.22977 0.387133 -0.97029 0 -0.241946 0 0
-0.103687 2.22977 0.400746 0.970297 0 0.241916 0 0
-0.103687 2.22977 0.400746 0 -1 0 0 0
-0.103687 2.22977 0.400746 -0.241912 0 0.970298 0 0
-0.129607 2.2798 0.354381 0.241968 2.09349e-005 -0.970284 0 0
-0.129607 2.2798 0.354381 0 1 0 0 0
-0.129607 2.2798 0.354381 -0.759323 0.622568 -0.18931 0 0
-0.113636 2.2798 0.358365 0.759298 0.622598 0.189312 0 0
-0.113636 2.2798 0.358365 0.242035 0.000122417 -0.970267 0 0
-0.113636 2.2798 0.358365 0 1 0 0 0
-0.148921 2.25478 0.349568 0.2419 -2.68489e-005 -0.970301 0 0
-0.148921 2.25478 0.349568 -0.759309 0.622582 -0.189322 0 0
-0.148921 2.25478 0.349568 -0.97029 0 -0.241946 0 0
-0.094321 2.25478 0.36318 0.970297 0 0.241916 0 0
-0.094321 2.25478 0.36318 0.7593 0.622595 0.18931 0 0
