Name=STS-120
EnableWingPainting=TRUE
Orbiter=Discovery
UseRMS=true
UseODS=true
ODSZPos=10.6
TargetInc=51.6
TargetLAN=0.000000
MECOAlt=105000.000000
MECOVel=7869.635088
MECOFPA=0.747083
UseOMS=true
OMSAssistStart=133.000000
OMSAssistEnd=298.000000
RollToHeadsUpStartVelocity=12966.670