MSHX1
GROUPS 377
LABEL Box39
MATERIAL 1
TEXTURE 0
GEOM 524 353 ; Box39
-7.88886 41.0721 12.8235 0.0 -0.638772 0.769396
-11.2873 41.0721 12.8235 0.0 -0.638772 0.769396
-7.88886 47.0759 5.59187 -3.50801e-007 0.638769 -0.769398
-11.2873 47.0759 5.59186 -1.0 4.25429e-006 3.21754e-006
-7.88886 41.2225 12.9484 -2.4219e-007 0.769399 0.638768
-11.2873 41.2225 12.9484 -2.4219e-007 0.769399 0.638768
-7.88886 47.2263 5.71677 -2.4219e-007 0.769399 0.638768
-11.2873 47.2263 5.71677 -2.4219e-007 0.769399 0.638768
-10.2107 46.0734 6.79932 -1.0 -2.56906e-006 -2.45722e-006
-11.1631 46.0734 6.79932 8.81454e-007 0.638765 -0.769402
-11.1631 46.9911 5.69401 1.0 5.01575e-007 8.60023e-007
-10.2107 46.9911 5.69401 -1.0 -2.56905e-006 -2.45721e-006
-9.11539 46.0734 6.79932 -1.0 1.0113e-006 7.23972e-007
-10.0678 46.0734 6.79932 4.00198e-007 0.638765 -0.769402
-10.0678 46.9911 5.69401 1.0 1.96073e-007 5.46757e-007
-9.11539 46.9911 5.69401 -1.0 -8.09335e-007 -4.89374e-007
-8.01981 46.0734 6.79932 -1.0 7.20459e-007 3.93064e-007
-8.97223 46.0734 6.79932 4.00198e-007 0.638765 -0.769402
-8.97223 46.9911 5.69401 1.0 1.57088e-006 1.95649e-006
-8.01981 46.9911 5.69401 -1.0 1.08458e-006 6.35732e-007
-10.2107 46.19 6.89608 0.0 -0.769399 -0.638768
-11.1631 46.19 6.89608 0.0 -0.769399 -0.638768
-10.2107 47.1076 5.79076 0.0 -0.769399 -0.638768
-11.1631 47.1076 5.79076 0.0 -0.769399 -0.638768
-9.11539 46.19 6.89608 0.0 -0.769399 -0.638768
-10.0678 46.19 6.89608 0.0 -0.769399 -0.638768
-9.11539 47.1076 5.79076 0.0 -0.769399 -0.638768
-10.0678 47.1076 5.79076 0.0 -0.769399 -0.638768
-8.01981 46.19 6.89608 0.0 -0.769399 -0.638768
-8.97223 46.19 6.89608 0.0 -0.769399 -0.638768
-8.01981 47.1076 5.79076 0.0 -0.769399 -0.638768
-8.97223 47.1076 5.79076 0.0 -0.769399 -0.638768
-8.01214 45.8924 7.01733 -1.0 0.0 -1.62882e-007
-8.01507 45.8924 7.01733 -0.000104614 0.638771 -0.769397
-11.1676 45.8924 7.01733 -0.000113176 -0.7694 -0.638768
-11.1631 45.8924 7.01733 -0.000135825 -0.769401 -0.638766
-11.1631 45.9888 6.90125 -0.00010202 -0.769399 -0.638768
-8.01759 45.9888 6.90125 -8.40088e-005 -0.638767 0.7694
-8.01214 45.9888 6.90125 -1.0 0.0 -1.62882e-007
-8.01214 45.9491 7.06438 -1.73017e-007 -0.769401 -0.638766
-11.1631 45.9491 7.06438 0.0 -0.769399 -0.638768
-8.01214 46.0455 6.9483 -3.1848e-007 -0.769404 -0.638763
-11.1631 46.0455 6.9483 -1.73017e-007 -0.769401 -0.638766
-8.01119 45.7442 7.19587 0.000652819 -0.769393 -0.638775
-11.1631 45.756 7.18171 0.717309 0.0726173 0.692961
-8.01276 45.8041 7.12367 -0.000480574 -0.769405 -0.638761
-8.01214 45.8041 7.12367 0.000652416 -0.769389 -0.63878
-8.01214 45.7078 7.23975 -1.09812e-005 -0.769401 -0.638766
-8.01214 45.7645 7.2868 -1.73017e-007 -0.769401 -0.638766
-11.1631 45.7645 7.2868 0.0 -0.769399 -0.638768
-8.01214 45.8608 7.17072 -3.1848e-007 -0.769404 -0.638763
-11.1631 45.8608 7.17072 -1.73017e-007 -0.769401 -0.638766
-9.58794 45.8041 7.12367 -9.19236e-007 -0.769382 -0.638789
-8.01214 45.7078 7.23975 -0.000480574 -0.769405 -0.638761
-8.01214 45.7806 7.15199 -0.000480574 -0.769405 -0.638761
-10.2107 44.7157 8.43476 -1.0 -2.26359e-006 -2.14398e-006
-11.1631 44.7157 8.43476 0.0 0.638767 -0.7694
-11.1631 45.6333 7.32944 1.0 -7.2045e-007 -3.93055e-007
-10.2107 45.6333 7.32944 -1.0 -2.08155e-006 -2.02265e-006
-9.11539 44.7157 8.43476 -1.0 1.34615e-006 1.00197e-006
-10.0678 44.7157 8.43476 0.0 0.638773 -0.769395
-10.0678 45.6333 7.32944 1.0 0.0 2.33485e-007
-9.11539 45.6333 7.32944 -1.0 -4.74505e-007 -2.11398e-007
-8.01981 44.7157 8.43476 -1.0 1.39012e-006 9.49025e-007
-8.97223 44.7157 8.43476 -1.04357e-006 0.638773 -0.769395
-8.97223 45.6333 7.32944 1.0 1.26538e-006 1.64323e-006
-8.01981 45.6333 7.32944 -1.0 1.75424e-006 1.1917e-006
-10.2107 44.8322 8.53151 0.0 -0.769399 -0.638768
-11.1631 44.8322 8.53151 0.0 -0.769399 -0.638768
-10.2107 45.7499 7.42619 0.0 -0.769399 -0.638768
-11.1631 45.7499 7.42619 0.0 -0.769399 -0.638768
-9.11539 44.8322 8.53151 0.0 -0.769399 -0.638768
-10.0678 44.8322 8.53151 0.0 -0.769399 -0.638768
-9.11539 45.7499 7.42619 0.0 -0.769399 -0.638768
-10.0678 45.7499 7.42619 0.0 -0.769399 -0.638768
-8.01981 44.8322 8.53151 0.0 -0.769399 -0.638768
-8.97223 44.8322 8.53151 0.0 -0.769399 -0.638768
-8.01981 45.7499 7.42619 0.0 -0.769399 -0.638768
-8.97223 45.7499 7.42619 0.0 -0.769399 -0.638768
-8.01214 44.5347 8.65276 -1.0 0.0 -1.62882e-007
-8.0133 44.5347 8.65276 0.0 0.638767 -0.7694
-11.1631 44.5347 8.65276 0.0 0.638767 -0.7694
-11.1631 44.631 8.53668 0.0 -0.638778 0.769391
-8.01214 44.631 8.53668 -1.0 0.0 -1.62882e-007
-8.01677 44.631 8.53668 -6.58891e-005 -0.638767 0.7694
-8.01214 44.5914 8.69981 -1.73017e-007 -0.769401 -0.638766
-11.1631 44.5914 8.69981 0.0 -0.769399 -0.638768
-8.01214 44.6877 8.58373 -3.18481e-007 -0.769404 -0.638763
-11.1631 44.6877 8.58373 -1.73017e-007 -0.769401 -0.638766
-10.2107 43.5336 9.85859 -1.0 -1.62324e-006 -1.55272e-006
-11.1631 43.5336 9.85859 8.81453e-007 0.638767 -0.7694
-11.1631 44.4512 8.75328 1.0 -1.33145e-006 -1.01959e-006
-10.2107 44.4512 8.75327 -1.0 -1.25912e-006 -1.31005e-006
-9.11539 43.5336 9.85859 -1.0 -2.67164e-006 -2.33367e-006
-10.0678 43.5336 9.85859 8.81454e-007 0.638767 -0.7694
-10.0678 44.4512 8.75327 1.0 -4.1494e-007 0.0
-9.11539 44.4512 8.75328 -1.0 -2.03445e-006 -1.90901e-006
-8.01981 43.5336 9.85859 0.0 -0.769399 -0.638768
-8.97223 43.5336 9.85859 8.81453e-007 0.638767 -0.7694
-8.97223 44.4512 8.75328 1.0 8.07091e-007 1.1733e-006
-8.01981 44.4512 8.75328 3.16444e-005 -0.769398 -0.63877
-10.2107 43.6501 9.95535 0.0 -0.769399 -0.638768
-11.1631 43.6501 9.95535 0.0 -0.769399 -0.638768
-10.2107 44.5678 8.85003 0.0 -0.769399 -0.638768
-11.1631 44.5678 8.85003 0.0 -0.769399 -0.638768
-9.11539 43.6501 9.95535 0.0 -0.769399 -0.638768
-10.0678 43.6501 9.95535 0.0 -0.769399 -0.638768
-9.11539 44.5678 8.85003 0.0 -0.769399 -0.638768
-10.0678 44.5678 8.85003 0.0 -0.769399 -0.638768
-8.01981 43.6501 9.95535 0.0 -0.769399 -0.638768
-8.97223 43.6501 9.95535 0.0 -0.769399 -0.638768
-8.01981 44.5678 8.85003 0.0 -0.769399 -0.638768
-8.97223 44.5678 8.85003 0.0 -0.769399 -0.638768
-8.01018 43.3526 10.0766 6.91344e-006 -0.769409 -0.638757
-11.1631 43.3526 10.0766 1.0 4.48946e-006 4.50013e-006
-11.1631 43.449 9.96052 1.0 4.89887e-006 5.40786e-006
-8.01531 43.449 9.96052 0.0 -0.769399 -0.638768
-8.01214 43.449 9.96052 0.0 -0.769399 -0.638768
-8.01214 43.3526 10.0766 0.0 -0.769401 -0.638766
-8.01214 43.3895 10.0322 0.0 -0.769399 -0.638768
-8.01214 43.4093 10.1236 -1.73017e-007 -0.769401 -0.638766
-11.1631 43.4093 10.1236 0.0 -0.769399 -0.638768
-8.01214 43.5056 10.0076 -3.18481e-007 -0.769404 -0.638763
-11.1631 43.5056 10.0076 -1.73017e-007 -0.769401 -0.638766
-10.2107 42.3645 11.2667 -1.0 -2.07531e-006 -1.6895e-006
-11.1631 42.3645 11.2667 0.0 0.638773 -0.769395
-11.1631 43.2822 10.1614 5.79688e-005 -0.769402 -0.638765
-10.2107 43.2822 10.1614 2.53849e-006 -0.769418 -0.638746
-9.11539 42.3645 11.2667 -1.0 1.51355e-006 1.14095e-006
-10.0678 42.3645 11.2667 0.0 0.638767 -0.7694
-10.0678 43.2822 10.1614 1.0 -4.14947e-007 0.0
-9.11539 43.2822 10.1614 -1.0 -3.07091e-007 0.0
-8.01981 42.3645 11.2667 -1.0 1.3901e-006 9.49009e-007
-8.97223 42.3645 11.2667 8.81453e-007 0.638767 -0.7694
-8.97223 43.2822 10.1614 1.0 9.59855e-007 1.32995e-006
-8.01981 43.2822 10.1614 -1.0 -7.94667e-007 -5.07018e-007
-10.2107 42.4811 11.3635 0.0 -0.769399 -0.638768
-11.1631 42.4811 11.3635 0.0 -0.769399 -0.638768
-10.2107 43.3987 10.2581 0.0 -0.769399 -0.638768
-11.1631 43.3987 10.2581 0.0 -0.769399 -0.638768
-9.11539 42.4811 11.3635 0.0 -0.769399 -0.638768
-10.0678 42.4811 11.3635 0.0 -0.769399 -0.638768
-9.11539 43.3987 10.2581 0.0 -0.769399 -0.638768
-10.0678 43.3987 10.2581 0.0 -0.769399 -0.638768
-8.01981 42.4811 11.3635 0.0 -0.769399 -0.638768
-8.97223 42.4811 11.3635 0.0 -0.769399 -0.638768
-8.01981 43.3987 10.2581 0.0 -0.769399 -0.638768
-8.97223 43.3987 10.2581 0.0 -0.769399 -0.638768
-8.01214 42.1835 11.4847 3.10785e-006 -0.769398 -0.638769
-11.1631 42.1835 11.4847 1.0 5.04783e-006 3.82807e-006
-11.1631 42.2799 11.3686 1.0 4.63838e-006 2.92027e-006
-8.01124 42.2799 11.3686 -3.76244e-005 -0.769398 -0.638769
-8.01214 42.2799 11.3686 1.95083e-006 -0.769398 -0.63877
-8.01214 42.2402 11.5318 -1.73017e-007 -0.769401 -0.638766
-11.1631 42.2402 11.5318 0.0 -0.769399 -0.638768
-8.01214 42.3366 11.4157 -3.18481e-007 -0.769404 -0.638763
-11.1631 42.3366 11.4157 -1.73017e-007 -0.769401 -0.638766
-10.2107 41.1619 12.7153 0.0 -0.769402 -0.638764
-11.1631 41.1619 12.7153 0.0 -0.769399 -0.638768
-11.1631 42.0795 11.61 -3.59218e-005 -0.769395 -0.638773
-10.2107 42.0795 11.61 0.0 -0.769399 -0.638768
-9.11539 41.1619 12.7153 0.0 -0.769406 -0.638761
-10.0678 41.1619 12.7153 0.0 -0.769404 -0.638762
-10.0678 42.0795 11.61 0.0 -0.769399 -0.638768
-9.11539 42.0795 11.61 0.0 -0.769399 -0.638768
-8.01981 41.1619 12.7153 4.61547e-006 -0.769402 -0.638764
-8.97223 41.1619 12.7153 0.0 -0.769404 -0.638762
-8.97223 42.0795 11.61 0.0 -0.769399 -0.638768
-8.01981 42.0795 11.61 0.0 -0.769399 -0.638768
-10.2107 41.2784 12.8121 0.0 -0.769399 -0.638768
-11.1631 41.2784 12.8121 0.0 -0.769399 -0.638768
-10.2107 42.1961 11.7067 0.0 -0.769399 -0.638768
-11.1631 42.1961 11.7067 0.0 -0.769399 -0.638768
-9.11539 41.2784 12.8121 0.0 -0.769399 -0.638768
-10.0678 41.2784 12.8121 0.0 -0.769399 -0.638768
-9.11539 42.1961 11.7067 0.0 -0.769399 -0.638768
-10.0678 42.1961 11.7067 0.0 -0.769399 -0.638768
-8.01981 41.2784 12.8121 0.0 -0.769399 -0.638768
-8.97223 41.2784 12.8121 0.0 -0.769399 -0.638768
-8.01981 42.1961 11.7067 0.0 -0.769399 -0.638768
-8.97223 42.1961 11.7067 0.0 -0.769399 -0.638768
-7.88886 41.0721 12.8235 1.0 -3.16314e-006 -2.42102e-006
-7.88886 41.0721 12.8235 2.98628e-005 -0.769402 -0.638765
-11.2873 41.0721 12.8235 -1.0 5.78356e-006 4.54185e-006
-11.2873 41.0721 12.8235 2.19368e-006 -0.769399 -0.638768
-7.88886 47.0759 5.59187 1.0 -3.16314e-006 -2.42102e-006
-7.88886 47.0759 5.59187 1.07226e-005 -0.769398 -0.63877
-11.2873 47.0759 5.59186 -2.15929e-007 0.638767 -0.7694
-11.2873 47.0759 5.59186 7.0188e-006 -0.769401 -0.638766
-7.88886 41.2225 12.9484 0.0 -0.638772 0.769396
-7.88886 41.2225 12.9484 1.0 -3.16314e-006 -2.42102e-006
-11.2873 41.2225 12.9484 0.0 -0.638772 0.769396
-11.2873 41.2225 12.9484 -1.0 7.31283e-006 5.86616e-006
-7.88886 47.2263 5.71677 -2.15929e-007 0.638767 -0.7694
-7.88886 47.2263 5.71677 1.0 -3.16314e-006 -2.42102e-006
-11.2873 47.2263 5.71677 -1.0 5.78356e-006 4.54185e-006
-11.2873 47.2263 5.71677 0.0 0.638765 -0.769402
-10.2107 46.0734 6.79932 6.40826e-007 0.638763 -0.769403
-10.2107 46.0734 6.79932 0.0 -0.769399 -0.638768
-11.1631 46.0734 6.79932 1.0 1.9607e-007 5.46754e-007
-11.1631 46.0734 6.79932 -0.000136013 -0.769399 -0.638768
-11.1631 46.9911 5.69401 0.0 -0.638762 0.769404
-11.1631 46.9911 5.69401 -3.93558e-005 -0.769399 -0.638768
-10.2107 46.9911 5.69401 0.0 -0.638762 0.769404
-10.2107 46.9911 5.69401 0.0 -0.769399 -0.638768
-9.11539 46.0734 6.79932 1.5957e-007 0.638763 -0.769403
-9.11539 46.0734 6.79932 0.0 -0.769399 -0.638768
-10.0678 46.0734 6.79932 1.0 0.0 3.90121e-007
-10.0678 46.0734 6.79932 0.0 -0.769399 -0.638768
-10.0678 46.9911 5.69401 0.0 -0.63877 0.769398
-10.0678 46.9911 5.69401 0.0 -0.769397 -0.638771
-9.11539 46.9911 5.69401 0.0 -0.63877 0.769398
-9.11539 46.9911 5.69401 0.0 -0.769397 -0.638771
-8.01981 46.0734 6.79932 8.81458e-007 0.638767 -0.7694
-8.01981 46.0734 6.79932 0.0 -0.769399 -0.638768
-8.97223 46.0734 6.79932 1.0 7.30721e-007 1.09499e-006
-8.97223 46.0734 6.79932 0.0 -0.769399 -0.638768
-8.97223 46.9911 5.69401 0.0 -0.63877 0.769398
-8.97223 46.9911 5.69401 0.0 -0.769396 -0.638772
-8.01981 46.9911 5.69401 0.0 -0.63877 0.769398
-8.01981 46.9911 5.69401 4.39055e-005 -0.769398 -0.63877
-10.2107 46.19 6.89608 -1.0 -2.56905e-006 -2.45721e-006
-10.2107 46.19 6.89608 4.00198e-007 0.638762 -0.769404
-11.1631 46.19 6.89608 6.40826e-007 0.638763 -0.769403
-11.1631 46.19 6.89608 1.0 0.0 2.33486e-007
-10.2107 47.1076 5.79076 -1.0 -2.56904e-006 -2.45721e-006
-10.2107 47.1076 5.79076 0.0 -0.638762 0.769404
-11.1631 47.1076 5.79076 1.0 1.9607e-007 5.46754e-007
-11.1631 47.1076 5.79076 0.0 -0.638762 0.769404
-9.11539 46.19 6.89608 -1.0 -8.09335e-007 -4.89374e-007
-9.11539 46.19 6.89608 0.0 0.638762 -0.769404
-10.0678 46.19 6.89608 1.5957e-007 0.638763 -0.769403
-10.0678 46.19 6.89608 1.0 0.0 2.33486e-007
-9.11539 47.1076 5.79076 -1.0 -2.62997e-006 -1.70272e-006
-9.11539 47.1076 5.79076 0.0 -0.63877 0.769398
-10.0678 47.1076 5.79076 1.0 0.0 3.90121e-007
-10.0678 47.1076 5.79076 0.0 -0.63877 0.769398
-8.01981 46.19 6.89608 -1.0 1.08458e-006 6.35732e-007
-8.01981 46.19 6.89608 1.36272e-006 0.63877 -0.769398
-8.97223 46.19 6.89608 8.81458e-007 0.638767 -0.7694
-8.97223 46.19 6.89608 1.0 0.0 2.33485e-007
-8.01981 47.1076 5.79076 -1.0 1.4487e-006 8.784e-007
-8.01981 47.1076 5.79076 0.0 -0.63877 0.769398
-8.97223 47.1076 5.79076 1.0 7.30721e-007 1.09499e-006
-8.97223 47.1076 5.79076 0.0 -0.63877 0.769398
-8.01214 45.8924 7.01733 -0.000313243 0.638784 -0.769386
-8.01214 45.8924 7.01733 0.000338131 -0.769394 -0.638775
-8.01507 45.8924 7.01733 -7.25102e-007 -0.769386 -0.638784
-11.1631 45.8924 7.01733 -5.17856e-007 0.638756 -0.769409
-11.1631 45.8924 7.01733 1.0 1.84754e-006 6.28158e-006
-11.1631 45.9888 6.90125 5.18207e-007 -0.638751 0.769414
-11.1631 45.9888 6.90125 1.0 4.30404e-006 1.1728e-005
-8.01759 45.9888 6.90125 2.39977e-005 -0.769399 -0.638768
-8.01214 45.9888 6.90125 -0.000252189 -0.638767 0.7694
-8.01214 45.9888 6.90125 8.65086e-005 -0.769401 -0.638766
-8.01214 45.9491 7.06438 -1.0 0.0 -1.62882e-007
-8.01214 45.9491 7.06438 -0.000156662 0.638778 -0.769391
-11.1631 45.9491 7.06438 -2.99457e-007 0.638765 -0.769402
-11.1631 45.9491 7.06438 1.0 -6.08949e-007 8.35172e-007
-8.01214 46.0455 6.9483 -1.0 0.0 -1.62882e-007
-8.01214 46.0455 6.9483 -0.000126272 -0.638776 0.769393
-11.1631 46.0455 6.9483 0.0 -0.638767 0.7694
-11.1631 46.0455 6.9483 1.0 1.84754e-006 6.28158e-006
-8.01119 45.7442 7.19587 -0.999799 -0.0127399 -0.0154711
-11.1631 45.756 7.18171 0.0145367 0.99665 -0.0804779
-11.1631 45.756 7.18171 1.43072e-005 -0.769396 -0.638772
-8.01214 45.8042 7.12367 3.71929e-007 -0.638773 0.769395
-8.01214 45.8042 7.12367 -0.999932 -0.00746539 0.00899188
-8.01214 45.7078 7.23975 0.00788689 0.88731 -0.461105
-8.01214 45.7078 7.23975 -0.99976 -0.00900508 -0.0199674
-8.01214 45.7645 7.2868 -2.26521e-007 0.638773 -0.769395
-8.01214 45.7645 7.2868 -1.0 6.08963e-007 -8.3516e-007
-11.1631 45.7645 7.2868 0.00788689 0.88731 -0.461105
-11.1631 45.7645 7.2868 1.0 5.45709e-006 4.73571e-006
-8.01214 45.8608 7.17072 3.71956e-007 -0.638773 0.769395
-8.01214 45.8608 7.17072 -0.999911 -0.00849256 -0.0103137
-11.1631 45.8608 7.17073 0.717309 0.0726173 0.692961
-11.1631 45.8608 7.17073 3.71984e-007 -0.638773 0.769395
-9.58794 45.8041 7.12367 0.0290702 0.104173 0.994135
-9.58794 45.8041 7.12367 3.71956e-007 -0.638773 0.769395
-10.2107 44.7157 8.43476 0.0 0.638767 -0.7694
-10.2107 44.7157 8.43476 0.0 -0.769395 -0.638773
-11.1631 44.7157 8.43476 1.0 -4.14943e-007 0.0
-11.1631 44.7157 8.43476 -0.000110816 -0.769396 -0.638772
-11.1631 45.6333 7.32944 -6.40831e-007 -0.638771 0.769397
-11.1631 45.6333 7.32944 6.64495e-005 -0.769399 -0.638768
-10.2107 45.6333 7.32944 0.0 -0.638775 0.769393
-10.2107 45.6333 7.32944 -2.68174e-007 -0.769399 -0.638769
-9.11539 44.7157 8.43476 0.0 0.638773 -0.769395
-9.11539 44.7157 8.43476 0.0 -0.769396 -0.638772
-10.0678 44.7157 8.43476 1.0 0.0 2.33485e-007
-10.0678 44.7157 8.43476 0.0 -0.769397 -0.638771
-10.0678 45.6333 7.32944 0.0 -0.638775 0.769393
-10.0678 45.6333 7.32944 0.0 -0.769403 -0.638764
-9.11539 45.6333 7.32944 0.0 -0.638775 0.769393
-9.11539 45.6333 7.32944 0.0 -0.769402 -0.638765
-8.01981 44.7157 8.43476 -5.62309e-007 0.638775 -0.769393
-8.01981 44.7157 8.43476 -0.00015076 -0.769397 -0.638771
-8.97223 44.7157 8.43476 1.0 5.7797e-007 9.38355e-007
-8.97223 44.7157 8.43476 0.0 -0.769397 -0.638771
-8.97223 45.6333 7.32944 3.21684e-007 -0.638774 0.769394
-8.97223 45.6333 7.32944 0.0 -0.769403 -0.638764
-8.01981 45.6333 7.32944 0.0 -0.638773 0.769395
-8.01981 45.6333 7.32944 -0.000105289 -0.769401 -0.638767
-10.2107 44.8322 8.53151 -1.0 -2.08155e-006 -2.02265e-006
-10.2107 44.8322 8.53151 0.0 0.638767 -0.7694
-11.1631 44.8322 8.53151 0.0 0.638767 -0.7694
-11.1631 44.8322 8.53151 1.0 0.0 2.33485e-007
-10.2107 45.7499 7.42619 -1.0 -1.8995e-006 -1.90133e-006
-10.2107 45.7499 7.42619 -6.40831e-007 -0.638771 0.769397
-11.1631 45.7499 7.42619 1.0 -4.14943e-007 0.0
-11.1631 45.7499 7.42619 -1.36271e-006 -0.638767 0.7694
-9.11539 44.8322 8.53151 -1.0 -4.74505e-007 -2.11398e-007
-9.11539 44.8322 8.53151 0.0 0.638773 -0.769395
-10.0678 44.8322 8.53151 0.0 0.638773 -0.769395
-10.0678 44.8322 8.53151 1.0 0.0 2.33485e-007
-9.11539 45.7499 7.42619 -1.0 -2.29515e-006 -1.42476e-006
-9.11539 45.7499 7.42619 0.0 -0.638775 0.769393
-10.0678 45.7499 7.42619 1.0 0.0 2.33485e-007
-10.0678 45.7499 7.42619 0.0 -0.638775 0.769393
-8.01981 44.8322 8.53151 -1.0 1.75424e-006 1.1917e-006
-8.01981 44.8322 8.53151 0.0 0.638778 -0.769391
-8.97223 44.8322 8.53151 -5.62309e-007 0.638775 -0.769393
-8.97223 44.8322 8.53151 1.0 0.0 2.33485e-007
-8.01981 45.7499 7.42619 -1.0 2.11837e-006 1.43437e-006
-8.01981 45.7499 7.42619 3.21684e-007 -0.638774 0.769394
-8.97223 45.7499 7.42619 1.0 5.7797e-007 9.38355e-007
-8.97223 45.7499 7.42619 5.62312e-007 -0.638775 0.769393
-8.01214 44.5347 8.65276 0.0 0.638767 -0.7694
-8.01214 44.5347 8.65276 -0.000129891 -0.769401 -0.638765
-8.0133 44.5347 8.65276 1.75201e-005 -0.769396 -0.638772
-11.1631 44.5347 8.65276 1.0 2.81533e-006 6.51719e-006
-11.1631 44.5347 8.65276 -8.74883e-006 -0.769397 -0.638771
-11.1631 44.631 8.53668 1.0 5.68147e-006 1.28715e-005
-11.1631 44.631 8.53668 -9.47487e-006 -0.769397 -0.638771
-8.01214 44.631 8.53668 -0.00019812 -0.638756 0.769409
-8.01214 44.631 8.53668 -9.11362e-005 -0.7694 -0.638767
-8.01677 44.631 8.53668 -4.3094e-005 -0.769396 -0.638773
-8.01214 44.5914 8.69981 -1.0 0.0 -1.62882e-007
-8.01214 44.5914 8.69981 0.0 0.638767 -0.7694
-11.1631 44.5914 8.69981 0.0 0.638767 -0.7694
-11.1631 44.5914 8.69981 1.0 0.0 1.62882e-007
-8.01214 44.6877 8.58373 -1.0 0.0 -1.62882e-007
-8.01214 44.6877 8.58373 -9.88741e-005 -0.638762 0.769405
-11.1631 44.6877 8.58373 2.26521e-007 -0.638773 0.769395
-11.1631 44.6877 8.58373 1.0 2.81533e-006 6.51719e-006
-10.2107 43.5336 9.85859 4.00198e-007 0.638765 -0.769402
-10.2107 43.5336 9.85859 0.0 -0.769399 -0.638768
-11.1631 43.5336 9.85859 1.0 -7.20445e-007 -3.93052e-007
-11.1631 43.5336 9.85859 0.0 -0.769399 -0.638768
-11.1631 44.4512 8.75328 0.0 -0.638762 0.769404
-11.1631 44.4512 8.75328 -7.47307e-005 -0.769395 -0.638773
-10.2107 44.4512 8.75328 0.0 -0.638762 0.769404
-10.2107 44.4512 8.75328 0.0 -0.769397 -0.638771
-9.11539 43.5336 9.85859 4.00198e-007 0.638765 -0.769402
-9.11539 43.5336 9.85859 0.0 -0.769399 -0.638768
-10.0678 43.5336 9.85859 1.0 -2.62187e-007 0.0
-10.0678 43.5336 9.85859 0.0 -0.769399 -0.638768
-10.0678 44.4512 8.75328 -8.81433e-007 -0.638762 0.769404
-10.0678 44.4512 8.75328 0.0 -0.769396 -0.638772
-9.11539 44.4512 8.75328 0.0 -0.638767 0.7694
-9.11539 44.4512 8.75328 0.0 -0.769397 -0.638771
-8.01981 43.5336 9.85859 -1.0 -2.42254e-007 1.90138e-007
-8.01981 43.5336 9.85859 0.0 0.638762 -0.769404
-8.97223 43.5336 9.85859 1.0 3.48828e-007 7.03393e-007
-8.97223 43.5336 9.85859 0.0 -0.769399 -0.638768
-8.97223 44.4512 8.75328 0.0 -0.638767 0.7694
-8.97223 44.4512 8.75328 0.0 -0.769396 -0.638772
-8.01981 44.4512 8.75328 -1.0 -2.42257e-007 1.90136e-007
-8.01981 44.4512 8.75328 0.0 -0.638767 0.7694
-10.2107 43.6501 9.95535 -1.0 -1.25912e-006 -1.31005e-006
-10.2107 43.6501 9.95535 0.0 0.638762 -0.769404
-11.1631 43.6501 9.95535 4.00198e-007 0.638765 -0.769402
-11.1631 43.6501 9.95535 1.0 0.0 2.33485e-007
-10.2107 44.5678 8.85003 -1.0 -8.95002e-007 -1.06739e-006
-10.2107 44.5678 8.85003 0.0 -0.638762 0.769404
-11.1631 44.5678 8.85003 1.0 -7.20445e-007 -3.93052e-007
-11.1631 44.5678 8.85003 0.0 -0.638762 0.769404
-9.11539 43.6501 9.95535 -1.0 -2.03445e-006 -1.90901e-006
-9.11539 43.6501 9.95535 0.0 0.638762 -0.769404
-10.0678 43.6501 9.95535 4.00198e-007 0.638765 -0.769402
-10.0678 43.6501 9.95535 1.0 0.0 2.33485e-007
-9.11539 44.5678 8.85003 -1.0 -1.39725e-006 -1.48436e-006
-9.11539 44.5678 8.85003 -8.81433e-007 -0.638762 0.769404
-10.0678 44.5678 8.85003 1.0 -2.62187e-007 0.0
-10.0678 44.5678 8.85003 -1.84392e-006 -0.638757 0.769409
-8.01981 43.6501 9.95535 -1.0 -2.42257e-007 1.90136e-007
-8.01981 43.6501 9.95535 -1.04357e-006 0.638757 -0.769409
-8.97223 43.6501 9.95535 0.0 0.638762 -0.769404
-8.97223 43.6501 9.95535 1.0 0.0 2.33485e-007
-8.01981 44.5678 8.85003 -1.0 -2.42259e-007 1.90134e-007
-8.01981 44.5678 8.85003 0.0 -0.638767 0.7694
-8.97223 44.5678 8.85003 1.0 3.48828e-007 7.03393e-007
-8.97223 44.5678 8.85003 0.0 -0.638767 0.7694
-11.1631 43.3526 10.0766 0.0 0.638756 -0.769409
-11.1631 43.3526 10.0766 1.66189e-005 -0.769402 -0.638765
-11.1631 43.449 9.96052 0.0 -0.638756 0.769409
-11.1631 43.449 9.96052 -3.03686e-005 -0.769399 -0.638769
-8.01531 43.449 9.96052 9.65311e-005 -0.638767 0.7694
-8.01214 43.449 9.96052 -1.0 0.0 -1.62882e-007
-8.01214 43.449 9.96052 0.000289722 -0.638778 0.769391
-8.01214 43.3526 10.0766 -1.0 0.0 -1.62882e-007
-8.01214 43.3526 10.0766 0.0 0.638756 -0.769409
-8.01214 43.3895 10.0322 -1.0 0.0 -1.62882e-007
-8.01214 43.4093 10.1236 -1.0 0.0 -1.62882e-007
-8.01214 43.4093 10.1236 0.0 0.638756 -0.769409
-11.1631 43.4093 10.1236 1.0 4.08005e-006 3.5924e-006
-11.1631 43.4093 10.1236 0.0 0.638756 -0.769409
-8.01214 43.5056 10.0076 -1.0 0.0 -1.62882e-007
-8.01214 43.5056 10.0076 0.000144756 -0.638773 0.769395
-11.1631 43.5056 10.0076 1.0 4.48946e-006 4.50013e-006
-11.1631 43.5056 10.0076 0.0 -0.638762 0.769405
-10.2107 42.3645 11.2667 -5.62312e-007 0.63877 -0.769398
-10.2107 42.3645 11.2667 0.0 -0.769399 -0.638768
-11.1631 42.3645 11.2667 1.0 -1.94252e-006 -1.64618e-006
-11.1631 42.3645 11.2667 0.0 -0.769399 -0.638768
-11.1631 43.2822 10.1614 1.0 -3.7756e-006 -3.52584e-006
-11.1631 43.2822 10.1614 5.62309e-007 -0.638765 0.769402
-10.2107 43.2822 10.1614 -1.0 -9.82939e-007 -9.61494e-007
-10.2107 43.2822 10.1614 1.04357e-006 -0.638767 0.7694
-9.11539 42.3645 11.2667 0.0 0.638767 -0.7694
-9.11539 42.3645 11.2667 0.0 -0.769399 -0.638768
-10.0678 42.3645 11.2667 1.0 -2.62191e-007 0.0
-10.0678 42.3645 11.2667 1.57622e-006 -0.769399 -0.638768
-10.0678 43.2822 10.1614 0.0 -0.638767 0.7694
-10.0678 43.2822 10.1614 4.24919e-006 -0.769432 -0.638728
-9.11539 43.2822 10.1614 0.0 -0.638767 0.7694
-9.11539 43.2822 10.1614 0.0 -0.769402 -0.638765
-8.01981 42.3645 11.2667 4.00198e-007 0.638765 -0.769402
-8.01981 42.3645 11.2667 -3.53512e-005 -0.769396 -0.638772
-8.97223 42.3645 11.2667 1.0 4.2521e-007 7.81715e-007
-8.97223 42.3645 11.2667 2.13076e-007 -0.769398 -0.63877
-8.97223 43.2822 10.1614 0.0 -0.638767 0.7694
-8.97223 43.2822 10.1614 0.0 -0.769403 -0.638763
-8.01981 43.2822 10.1614 0.0 -0.638767 0.7694
-8.01981 43.2822 10.1614 -6.76325e-005 -0.769401 -0.638766
-10.2107 42.4811 11.3635 -1.0 -9.82939e-007 -9.61494e-007
-10.2107 42.4811 11.3635 -1.04357e-006 0.638767 -0.7694
-11.1631 42.4811 11.3635 -5.62312e-007 0.63877 -0.769398
-11.1631 42.4811 11.3635 1.0 0.0 2.33485e-007
-10.2107 43.3987 10.2581 -1.0 0.0 -2.33485e-007
-10.2107 43.3987 10.2581 5.62309e-007 -0.638765 0.769402
-11.1631 43.3987 10.2581 1.0 -1.94252e-006 -1.64618e-006
-11.1631 43.3987 10.2581 0.0 -0.638762 0.769404
-9.11539 42.4811 11.3635 -1.0 -3.07091e-007 0.0
-9.11539 42.4811 11.3635 0.0 0.638767 -0.7694
-10.0678 42.4811 11.3635 0.0 0.638767 -0.7694
-10.0678 42.4811 11.3635 1.0 0.0 2.33485e-007
-9.11539 43.3987 10.2581 -1.0 -2.12773e-006 -1.28576e-006
-9.11539 43.3987 10.2581 0.0 -0.638767 0.7694
-10.0678 43.3987 10.2581 1.0 -2.62191e-007 0.0
-10.0678 43.3987 10.2581 0.0 -0.638767 0.7694
-8.01981 42.4811 11.3635 -1.0 -7.94667e-007 -5.07018e-007
-8.01981 42.4811 11.3635 0.0 0.638762 -0.769404
-8.97223 42.4811 11.3635 4.00198e-007 0.638765 -0.769402
-8.97223 42.4811 11.3635 1.0 0.0 2.33485e-007
-8.01981 43.3987 10.2581 -1.0 -2.97943e-006 -1.96305e-006
-8.01981 43.3987 10.2581 0.0 -0.638767 0.7694
-8.97223 43.3987 10.2581 1.0 4.2521e-007 7.81715e-007
-8.97223 43.3987 10.2581 0.0 -0.638767 0.7694
-8.01214 42.1835 11.4847 -1.0 0.0 -1.62882e-007
-8.01214 42.1835 11.4847 0.0 0.638773 -0.769395
-11.1631 42.1835 11.4847 2.09884e-007 0.638778 -0.769391
-11.1631 42.1835 11.4847 1.37854e-005 -0.769397 -0.638771
-11.1631 42.2799 11.3686 -2.09871e-007 -0.638767 0.7694
-11.1631 42.2799 11.3686 4.62264e-005 -0.769401 -0.638766
-8.01214 42.2799 11.3686 -1.0 0.0 -1.62882e-007
-8.01214 42.2799 11.3686 0.0 -0.638756 0.769409
-8.01214 42.2402 11.5318 -1.0 0.0 -1.62882e-007
-8.01214 42.2402 11.5318 0.0 0.638767 -0.7694
-11.1631 42.2402 11.5318 1.0 5.45729e-006 4.73587e-006
-11.1631 42.2402 11.5318 0.0 0.638773 -0.769395
-8.01214 42.3366 11.4157 -1.0 0.0 -1.62882e-007
-8.01214 42.3366 11.4157 3.71987e-007 -0.638745 0.769418
-11.1631 42.3366 11.4157 1.0 5.04783e-006 3.82807e-006
-11.1631 42.3366 11.4157 0.0 -0.638756 0.769409
-10.2107 41.1619 12.7153 -1.0 1.38744e-007 -2.68786e-007
-10.2107 41.1619 12.7153 -5.62312e-007 0.63877 -0.769398
-11.1631 41.1619 12.7153 -1.04357e-006 0.638767 -0.7694
-11.1631 41.1619 12.7153 1.0 0.0 2.33485e-007
-11.1631 42.0795 11.61 1.0 0.0 2.33485e-007
-11.1631 42.0795 11.61 -4.00198e-007 -0.63877 0.769398
-10.2107 42.0795 11.61 -1.0 0.0 -3.90121e-007
-10.2107 42.0795 11.61 0.0 -0.638773 0.769395
-9.11539 41.1619 12.7153 -1.0 0.0 -2.33485e-007
-9.11539 41.1619 12.7153 4.00198e-007 0.638765 -0.769402
-10.0678 41.1619 12.7153 8.81453e-007 0.638767 -0.7694
-10.0678 41.1619 12.7153 1.0 0.0 2.33485e-007
-10.0678 42.0795 11.61 1.0 0.0 2.33485e-007
-10.0678 42.0795 11.61 0.0 -0.638762 0.769404
-9.11539 42.0795 11.61 -1.0 0.0 -2.33485e-007
-9.11539 42.0795 11.61 0.0 -0.638762 0.769404
-8.01981 41.1619 12.7153 -1.0 -3.00875e-007 2.60737e-007
-8.01981 41.1619 12.7153 -5.62316e-007 0.638765 -0.769402
-8.97223 41.1619 12.7153 -1.04357e-006 0.638762 -0.769404
-8.97223 41.1619 12.7153 1.0 0.0 3.72472e-007
-8.97223 42.0795 11.61 1.0 0.0 3.72472e-007
-8.97223 42.0795 11.61 5.62313e-007 -0.638765 0.769402
-8.01981 42.0795 11.61 -1.0 -3.00875e-007 2.60737e-007
-8.01981 42.0795 11.61 1.04357e-006 -0.638767 0.7694
-10.2107 41.2784 12.8121 -1.0 0.0 -3.90121e-007
-10.2107 41.2784 12.8121 0.0 0.638773 -0.769395
-11.1631 41.2784 12.8121 -5.62312e-007 0.63877 -0.769398
-11.1631 41.2784 12.8121 1.0 0.0 2.33485e-007
-10.2107 42.1961 11.7067 -1.0 -2.25381e-007 -5.11456e-007
-10.2107 42.1961 11.7067 -4.00198e-007 -0.63877 0.769398
-11.1631 42.1961 11.7067 1.0 0.0 2.33485e-007
-11.1631 42.1961 11.7067 -8.81453e-007 -0.638767 0.7694
-9.11539 41.2784 12.8121 -1.0 0.0 -2.33485e-007
-9.11539 41.2784 12.8121 0.0 0.638762 -0.769404
-10.0678 41.2784 12.8121 4.00198e-007 0.638765 -0.769402
-10.0678 41.2784 12.8121 1.0 0.0 2.33485e-007
-9.11539 42.1961 11.7067 -1.0 0.0 -2.33485e-007
-9.11539 42.1961 11.7067 0.0 -0.638762 0.769404
-10.0678 42.1961 11.7067 1.0 0.0 2.33485e-007
-10.0678 42.1961 11.7067 0.0 -0.638762 0.769404
-8.01981 41.2784 12.8121 -1.0 -3.00875e-007 2.60737e-007
-8.01981 41.2784 12.8121 0.0 0.638767 -0.7694
-8.97223 41.2784 12.8121 -5.62316e-007 0.638765 -0.769402
-8.97223 41.2784 12.8121 1.0 0.0 3.72472e-007
-8.01981 42.1961 11.7067 -1.0 -3.00875e-007 2.60737e-007
-8.01981 42.1961 11.7067 5.62313e-007 -0.638765 0.769402
-8.97223 42.1961 11.7067 1.0 0.0 3.72472e-007
-8.97223 42.1961 11.7067 0.0 -0.638762 0.769404
4 7 5
7 4 6
0 191 1
191 0 189
183 195 3
195 183 192
187 193 2
193 187 196
185 190 181
190 185 194
23 20 21
20 23 22
27 24 25
24 27 26
31 28 29
28 31 30
221 11 8
11 221 225
223 197 9
197 223 222
227 199 10
199 227 224
226 201 203
201 226 228
229 15 12
15 229 233
231 205 13
205 231 230
235 207 14
207 235 232
234 209 211
209 234 236
237 19 16
19 237 241
239 213 17
213 239 238
243 215 18
215 243 240
242 217 219
217 242 244
210 204 202
188 34 184
186 212 210
34 36 35
36 34 200
42 39 40
39 42 41
259 32 255
32 259 38
33 256 245
33 257 256
33 248 257
37 261 250
37 260 261
253 260 37
262 249 251
249 262 258
186 202 188
202 186 210
210 198 204
198 210 208
202 34 188
34 202 200
220 252 214
220 254 252
220 186 254
212 216 206
216 212 218
186 218 212
218 186 220
246 186 182
186 246 254
246 52 247
52 246 46
252 216 214
252 206 216
252 208 206
252 198 208
36 198 252
36 200 198
43 182 47
54 53 45
51 48 49
48 51 50
276 44 278
268 272 270
272 268 264
274 279 266
279 274 277
275 269 271
275 263 269
267 263 275
43 246 182
246 43 46
265 247 52
265 184 34
265 35 247
35 265 34
44 276 273
70 67 68
67 70 69
74 71 72
71 74 73
78 75 76
75 78 77
304 58 55
58 304 308
306 280 56
280 306 305
310 282 57
282 310 307
309 284 286
284 309 311
312 62 59
62 312 316
314 288 60
288 314 313
318 290 61
290 318 315
317 292 294
292 317 319
320 66 63
66 320 324
322 296 64
296 322 321
326 298 65
298 326 323
325 300 302
300 325 327
184 285 283
285 184 265
47 285 265
285 47 287
287 291 281
291 287 293
88 85 86
85 88 87
342 79 338
79 342 83
80 339 328
80 340 339
80 81 340
84 344 82
84 343 344
335 343 84
345 331 333
331 345 341
332 184 334
337 299 297
337 289 299
337 291 289
337 281 291
334 281 337
334 283 281
334 184 283
303 337 297
303 336 337
303 47 336
47 293 287
293 47 295
295 299 289
299 295 301
47 301 295
301 47 303
336 182 329
182 336 47
329 182 330
117 97 100
97 117 116
104 101 102
101 104 103
108 105 106
105 108 107
112 109 110
109 112 111
370 92 89
92 370 374
372 346 90
346 372 371
376 348 91
348 376 373
375 350 352
350 375 377
378 96 93
96 378 382
380 354 94
354 380 379
384 356 95
356 384 381
383 358 360
358 383 385
386 368 362
368 386 390
388 363 98
363 388 387
392 364 99
364 392 389
391 366 369
366 391 393
184 351 349
351 184 332
113 118 119
123 120 121
120 123 122
410 114 115
114 410 406
404 403 401
404 399 403
404 408 399
398 411 396
398 409 411
400 409 398
407 402 394
402 407 405
330 351 332
351 330 353
117 113 119
353 357 347
357 353 359
330 359 353
359 330 361
361 365 355
365 361 367
330 367 361
367 330 100
100 113 117
113 330 182
100 330 113
395 184 397
116 365 97
397 365 116
365 357 355
397 357 365
397 347 357
397 349 347
397 184 349
118 126 395
126 118 127
139 136 137
136 139 138
143 140 141
140 143 142
147 144 145
144 147 146
436 418 124
418 436 440
438 412 125
412 438 437
442 414 416
414 442 439
441 417 419
417 441 443
444 131 128
131 444 448
446 420 129
420 446 445
450 422 130
422 450 447
449 424 426
424 449 451
452 135 132
135 452 456
454 428 133
428 454 453
458 430 134
430 458 455
457 432 434
432 457 459
184 126 415
126 184 395
152 182 148
182 152 151
156 153 154
153 156 155
474 149 150
149 474 470
468 466 460
466 468 472
471 461 462
461 471 469
475 467 473
467 475 464
435 151 429
151 435 113
127 423 413
423 127 425
425 113 427
113 127 118
425 127 113
427 431 421
431 427 433
113 433 427
433 113 435
151 113 182
465 184 415
184 465 463
152 429 151
152 431 429
152 421 431
152 423 421
152 413 423
465 413 152
465 415 413
148 165 168
182 165 148
182 166 165
166 164 167
166 161 164
182 161 166
182 162 161
162 160 163
162 157 160
182 157 162
184 157 182
184 158 157
184 159 158
463 159 184
148 159 463
148 160 159
148 163 160
148 164 163
148 167 164
168 167 148
172 169 170
169 172 171
176 173 174
173 176 175
180 177 178
177 180 179
500 482 476
482 500 504
502 477 478
477 502 501
506 479 480
479 506 503
505 481 483
481 505 507
508 490 484
490 508 512
510 485 486
485 510 509
514 487 488
487 514 511
513 489 491
489 513 515
516 498 492
498 516 520
518 493 494
493 518 517
522 495 496
495 522 519
521 497 499
497 521 523
LABEL Box40
MATERIAL 6
TEXTURE 2
GEOM 1058 1020 ; Box40
-7.32702 45.9403 -12.7706 -1.0 0.0 0.0 0.378248 0.330238
-7.32702 44.2824 -9.0468 -1.0 0.0 0.0 0.414023 0.330238
-7.32702 48.3151 -11.7132 -1.0 0.0 0.0 0.378248 0.307441
-7.32702 49.7981 -6.59102 -1.0 0.0 0.0 0.414023 0.27729
-7.22469 45.9403 -12.7706 1.0 0.0 0.0 0.378248 0.330238
-7.22469 44.2824 -9.0468 1.0 0.0 0.0 0.414023 0.330238
-7.22469 48.3151 -11.7132 1.0 0.0 0.0 0.378248 0.307441
-7.22469 49.7981 -6.59102 1.0 0.0 0.0 0.414023 0.27729
-7.13738 45.8983 -12.6855 0.0 -0.913545 -0.406737 0.621563 0.336826
-7.23231 45.8983 -12.6855 0.0 -0.913545 -0.406737 0.621563 0.336826
-7.22659 45.9115 -12.7151 0.0 -0.913545 -0.406737 0.620684 0.336826
-7.2101 45.9231 -12.7412 0.0 -0.913545 -0.406737 0.619911 0.336826
-7.18485 45.9318 -12.7606 0.0 -0.913545 -0.406737 0.619337 0.336826
-7.15387 45.9363 -12.7709 0.0 -0.913545 -0.406737 0.619031 0.336826
-7.1209 45.9363 -12.7709 0.0 -0.913545 -0.406737 0.619031 0.336826
-7.08992 45.9318 -12.7606 0.0 -0.913545 -0.406737 0.619337 0.336826
-7.06466 45.9231 -12.7412 0.0 -0.913545 -0.406737 0.619911 0.336826
-7.04818 45.9115 -12.7151 0.0 -0.913545 -0.406737 0.620684 0.336826
-7.04246 45.8983 -12.6855 0.0 -0.913545 -0.406737 0.621563 0.336826
-7.04818 45.8851 -12.6558 0.0 -0.913545 -0.406737 0.622442 0.336826
-7.06466 45.8735 -12.6297 0.0 -0.913545 -0.406737 0.623216 0.336826
-7.08992 45.8649 -12.6104 0.0 -0.913545 -0.406737 0.62379 0.336826
-7.1209 45.8603 -12.6001 0.0 -0.913545 -0.406737 0.624095 0.336826
-7.15387 45.8603 -12.6001 0.0 -0.913545 -0.406737 0.624095 0.336826
-7.18485 45.8649 -12.6104 0.0 -0.913545 -0.406737 0.62379 0.336826
-7.2101 45.8735 -12.6297 0.0 -0.913545 -0.406737 0.623216 0.336826
-7.22659 45.8851 -12.6558 0.0 -0.913545 -0.406737 0.622442 0.336826
-7.23231 47.8399 -11.821 -0.998277 -0.0238669 0.0536058 0.621563 0.26185
-7.22659 47.8531 -11.8507 -0.95814 0.116449 -0.261548 0.620684 0.26185
-7.2101 47.8647 -11.8768 -0.802446 0.242711 -0.545135 0.619911 0.26185
-7.18485 47.8733 -11.8961 -0.549944 0.339708 -0.762994 0.619337 0.26185
-7.15387 47.8779 -11.9064 -0.23114 0.395723 -0.888807 0.619031 0.26185
-7.1209 47.8779 -11.9064 0.115566 0.404012 -0.907424 0.619031 0.26185
-7.08992 47.8733 -11.8961 0.448336 0.363568 -0.816586 0.619337 0.26185
-7.06466 47.8647 -11.8768 0.727003 0.27928 -0.627272 0.619911 0.26185
-7.04818 47.8531 -11.8507 0.918007 0.161298 -0.36228 0.620684 0.26185
-7.04246 47.8399 -11.821 0.998277 0.0238636 -0.0535985 0.621563 0.26185
-7.04818 47.8267 -11.7914 0.958142 -0.116446 0.261541 0.622442 0.26185
-7.06466 47.815 -11.7653 0.802438 -0.242715 0.545145 0.623216 0.26185
-7.08992 47.8064 -11.7459 0.549953 -0.339705 0.762989 0.62379 0.26185
-7.1209 47.8018 -11.7356 0.23113 -0.395724 0.888809 0.624095 0.26185
-7.15387 47.8018 -11.7356 -0.115566 -0.404012 0.907424 0.624095 0.26185
-7.18485 47.8064 -11.7459 -0.448322 -0.363571 0.816593 0.62379 0.26185
-7.2101 47.815 -11.7653 -0.727011 -0.279276 0.627264 0.623216 0.26185
-7.22659 47.8267 -11.7914 -0.918007 -0.161297 0.362278 0.622442 0.26185
-7.13738 47.8399 -11.821 0.0 0.913544 0.406741 0.621563 0.26185
-7.13738 47.8386 -11.8216 0.0 -0.913546 -0.406735 0.621563 0.26189
-7.23231 47.8386 -11.8216 0.0 -0.913545 -0.406737 0.621563 0.26189
-7.22659 47.8518 -11.8513 -5.10357e-007 -0.913546 -0.406736 0.620684 0.26189
-7.2101 47.8634 -11.8774 -1.77246e-007 -0.913546 -0.406735 0.619911 0.26189
-7.18485 47.872 -11.8967 5.10354e-007 -0.913546 -0.406736 0.619337 0.26189
-7.15387 47.8766 -11.907 1.77243e-007 -0.913546 -0.406736 0.619031 0.26189
-7.1209 47.8766 -11.907 -1.77243e-007 -0.913546 -0.406736 0.619031 0.26189
-7.08992 47.872 -11.8967 -5.10354e-007 -0.913546 -0.406736 0.619337 0.26189
-7.06466 47.8634 -11.8774 1.77246e-007 -0.913546 -0.406735 0.619911 0.26189
-7.04818 47.8518 -11.8513 5.10357e-007 -0.913546 -0.406736 0.620684 0.26189
-7.04246 47.8386 -11.8216 0.0 -0.913545 -0.406737 0.621563 0.26189
-7.04818 47.8254 -11.792 -1.53107e-006 -0.913547 -0.406733 0.622442 0.26189
-7.06466 47.8138 -11.7659 4.2741e-007 -0.913547 -0.406733 0.623216 0.26189
-7.08992 47.8051 -11.7465 2.31297e-006 -0.913546 -0.406736 0.62379 0.26189
-7.1209 47.8005 -11.7362 3.54487e-007 -0.913546 -0.406735 0.624095 0.26189
-7.15387 47.8005 -11.7362 -3.54487e-007 -0.913546 -0.406735 0.624095 0.26189
-7.18485 47.8051 -11.7465 -2.31297e-006 -0.913546 -0.406736 0.62379 0.26189
-7.2101 47.8138 -11.7659 -4.27426e-007 -0.913547 -0.406733 0.623216 0.26189
-7.22659 47.8254 -11.792 1.53106e-006 -0.913547 -0.406733 0.622442 0.26189
-7.23231 47.905 -11.744 -0.997762 -0.0531872 0.0405168 0.622752 0.259266
-7.22659 47.9408 -11.7472 -0.947461 0.254451 -0.193836 0.622278 0.258371
-7.2101 47.9723 -11.75 -0.765077 0.512237 -0.390218 0.621862 0.257584
-7.18485 47.9957 -11.7521 -0.502455 0.68777 -0.523938 0.621553 0.257
-7.15387 48.0082 -11.7532 -0.204914 0.778593 -0.59313 0.621388 0.25669
-7.1209 48.0082 -11.7532 0.102461 0.791286 -0.602801 0.621388 0.25669
-7.08992 47.9957 -11.7521 0.405091 0.727283 -0.554041 0.621553 0.257
-7.06466 47.9723 -11.75 0.6831 0.580954 -0.442569 0.621862 0.257584
-7.04818 47.9408 -11.7472 0.898293 0.34953 -0.266268 0.622278 0.258371
-7.04246 47.905 -11.744 0.997763 0.0531805 -0.0405139 0.622752 0.259266
-7.04818 47.8691 -11.7408 0.947464 -0.254445 0.193828 0.623226 0.260161
-7.06466 47.8376 -11.738 0.765084 -0.512231 0.390213 0.623642 0.260948
-7.08992 47.8142 -11.7359 0.502453 -0.68776 0.523953 0.623952 0.261532
-7.1209 47.8017 -11.7348 0.204927 -0.778543 0.593191 0.624116 0.261843
-7.15387 47.8017 -11.7348 -0.102459 -0.791236 0.602867 0.624116 0.261843
-7.18485 47.8142 -11.7359 -0.405091 -0.727258 0.554073 0.623952 0.261532
-7.2101 47.8376 -11.738 -0.683095 -0.580944 0.442589 0.623642 0.260948
-7.22659 47.8691 -11.7408 -0.898302 -0.349516 0.266256 0.623226 0.260161
-7.13738 47.905 -11.744 0.0 0.149536 0.988756 0.622752 0.259266
-7.13738 47.9039 -11.745 1.46383e-007 -0.149535 -0.988756 0.622738 0.259306
-7.23231 47.9039 -11.745 0.0 -0.149535 -0.988756 0.622738 0.259306
-7.22659 47.9397 -11.7482 -2.60561e-007 -0.149536 -0.988756 0.622264 0.258412
-7.2101 47.9713 -11.751 0.0 -0.149536 -0.988756 0.621848 0.257625
-7.18485 47.9947 -11.7531 2.26743e-007 -0.149536 -0.988756 0.621539 0.257041
-7.15387 48.0071 -11.7542 0.0 -0.149536 -0.988756 0.621374 0.25673
-7.1209 48.0071 -11.7542 0.0 -0.149536 -0.988756 0.621374 0.25673
-7.08992 47.9947 -11.7531 -2.26743e-007 -0.149536 -0.988756 0.621539 0.257041
-7.06466 47.9713 -11.751 0.0 -0.149536 -0.988756 0.621848 0.257625
-7.04818 47.9397 -11.7482 2.60561e-007 -0.149536 -0.988756 0.622264 0.258412
-7.04246 47.9039 -11.745 0.0 -0.149535 -0.988756 0.622738 0.259306
-7.04818 47.868 -11.7419 -2.60561e-007 -0.149536 -0.988756 0.623212 0.260201
-7.06466 47.8365 -11.7391 1.58915e-006 -0.149534 -0.988757 0.623628 0.260988
-7.08992 47.8131 -11.737 -9.81264e-007 -0.149534 -0.988757 0.623938 0.261572
-7.1209 47.8007 -11.7359 -2.83098e-006 -0.149536 -0.988756 0.624102 0.261883
-7.15387 47.8007 -11.7359 2.83098e-006 -0.149536 -0.988756 0.624102 0.261883
-7.18485 47.8131 -11.737 3.15861e-006 -0.149536 -0.988756 0.623938 0.261572
-7.2101 47.8365 -11.7391 -2.71705e-007 -0.149533 -0.988757 0.623628 0.260988
-7.22659 47.868 -11.7419 -5.99337e-007 -0.149534 -0.988757 0.623212 0.260201
-7.22695 49.3537 -6.76785 -0.983961 0.174488 -0.0370862 0.729908 0.177055
-7.23231 49.3158 -6.78472 -1.0 -2.14777e-006 5.0315e-007 0.729908 0.178235
-7.22659 49.3563 -6.76669 -0.935391 0.345894 -0.0734849 0.729908 0.176974
