MSHX1
GROUPS 46
LABEL Minus_Y_Wing_cover
MATERIAL 1
TEXTURE 0
GEOM 948 761 ; Minus_Y_Wing_cover
-8.15407 40.2995 11.6435 0.0 -0.638774 0.769395
-11.5525 40.2995 11.6435 0.0 -0.638772 0.769396
-8.15407 46.3032 4.41193 -4.85672e-007 0.638772 -0.769396
-11.5525 46.3032 4.41193 -1.0 5.2738e-006 4.10041e-006
-8.15407 40.4499 11.7684 -2.4219e-007 0.769399 0.638768
-11.5525 40.4499 11.7684 -2.4219e-007 0.769399 0.638768
-8.15407 46.4537 4.53683 -2.4219e-007 0.769399 0.638768
-11.5525 46.4537 4.53683 -2.4219e-007 0.769399 0.638768
-10.4759 45.3008 5.61939 -1.0 -8.95002e-007 -1.06739e-006
-11.4283 45.3008 5.61939 1.36271e-006 0.63877 -0.769398
-11.4283 46.2184 4.51407 1.0 -1.33145e-006 -1.01959e-006
-10.4759 46.2184 4.51407 -1.0 -8.94998e-007 -1.06738e-006
-9.3806 45.3008 5.61939 -1.0 2.51795e-006 1.97482e-006
-10.333 45.3008 5.61939 8.81453e-007 0.638767 -0.7694
-10.333 46.2184 4.51407 1.0 -1.02596e-006 -7.06331e-007
-9.3806 46.2184 4.51407 -1.0 6.97341e-007 7.61489e-007
-8.28502 45.3008 5.61939 -1.0 2.05974e-006 1.50495e-006
-9.23744 45.3008 5.61939 8.81453e-007 0.638765 -0.769402
-9.23744 46.2184 4.51407 1.0 1.96073e-007 5.46757e-007
-8.28502 46.2184 4.51407 -1.0 2.42385e-006 1.74762e-006
-10.4759 45.4173 5.71615 0.0 -0.769399 -0.638768
-11.4283 45.4173 5.71615 0.0 -0.769399 -0.638768
-10.4759 46.335 4.61082 0.0 -0.769399 -0.638768
-11.4283 46.335 4.61082 0.0 -0.769399 -0.638768
-9.3806 45.4173 5.71614 0.0 -0.769399 -0.638768
-10.333 45.4173 5.71614 0.0 -0.769399 -0.638768
-9.3806 46.335 4.61082 0.0 -0.769399 -0.638768
-10.333 46.335 4.61082 0.0 -0.769399 -0.638768
-8.28502 45.4173 5.71614 0.0 -0.769399 -0.638768
-9.23744 45.4173 5.71614 0.0 -0.769399 -0.638768
-8.28502 46.335 4.61082 0.0 -0.769399 -0.638768
-9.23744 46.335 4.61082 0.0 -0.769399 -0.638768
-8.27736 45.1198 5.83739 -1.0 2.80479e-006 2.12348e-006
-8.28028 45.1198 5.83739 -5.2514e-005 0.638769 -0.769398
-11.4328 45.1198 5.83739 -0.000117791 -0.7694 -0.638768
-11.4283 45.1198 5.83739 -0.000135825 -0.769401 -0.638766
-11.4283 45.2162 5.72131 -0.000102025 -0.769399 -0.638768
-8.28281 45.2162 5.72131 -8.39563e-005 -0.638771 0.769397
-8.27736 45.2162 5.72131 -1.0 2.80481e-006 2.12353e-006
-8.27736 45.1765 5.88445 -1.73016e-007 -0.769401 -0.638766
-11.4283 45.1765 5.88445 0.0 -0.769399 -0.638768
-8.27736 45.2729 5.76837 -3.1848e-007 -0.769404 -0.638763
-11.4283 45.2729 5.76836 -1.73016e-007 -0.769401 -0.638766
-8.2764 44.9716 6.01594 0.000657293 -0.769393 -0.638775
-11.4283 44.9833 6.00178 0.71731 0.0726145 0.69296
-8.27797 45.0315 5.94374 -0.000480574 -0.769405 -0.638761
-8.27736 45.0315 5.94374 0.000652312 -0.769389 -0.63878
-8.27736 44.9352 6.05982 -2.2919e-005 -0.769404 -0.638762
-8.27736 44.9918 6.10687 -1.73016e-007 -0.769401 -0.638766
-11.4283 44.9918 6.10687 0.0 -0.769399 -0.638768
-8.27736 45.0882 5.99079 -3.1848e-007 -0.769404 -0.638763
-11.4283 45.0882 5.99079 -1.73016e-007 -0.769401 -0.638766
-9.85315 45.0315 5.94374 -9.19264e-007 -0.769382 -0.638789
-8.27736 44.9352 6.05982 -0.000480574 -0.769405 -0.638761
-8.27736 45.008 5.97206 -0.000480574 -0.769405 -0.638761
-10.4759 43.943 7.25482 -1.0 -5.89507e-007 -7.54126e-007
-11.4283 43.943 7.25482 0.0 0.638767 -0.7694
-11.4283 44.8607 6.14951 1.0 -1.94248e-006 -1.64614e-006
-10.4759 44.8607 6.1495 -1.0 -4.07445e-007 -6.32792e-007
-9.3806 43.943 7.25482 -1.0 2.85284e-006 2.25285e-006
-10.333 43.943 7.25482 0.0 0.638778 -0.769391
-10.333 44.8607 6.1495 1.0 -1.33149e-006 -1.01962e-006
-9.3806 44.8607 6.1495 -1.0 1.03219e-006 1.03949e-006
-8.28502 43.943 7.25482 -1.0 2.72939e-006 2.06092e-006
-9.23744 43.943 7.25482 0.0 0.638778 -0.769391
-9.23744 44.8607 6.1495 1.0 0.0 2.33485e-007
-8.28502 44.8607 6.1495 -1.0 3.09352e-006 2.30359e-006
-10.4759 44.0596 7.35157 0.0 -0.769399 -0.638768
-11.4283 44.0596 7.35157 0.0 -0.769399 -0.638768
-10.4759 44.9772 6.24626 0.0 -0.769399 -0.638768
-11.4283 44.9772 6.24626 0.0 -0.769399 -0.638768
-9.3806 44.0596 7.35157 0.0 -0.769399 -0.638768
-10.333 44.0596 7.35157 0.0 -0.769399 -0.638768
-9.3806 44.9772 6.24626 0.0 -0.769399 -0.638768
-10.333 44.9772 6.24626 0.0 -0.769399 -0.638768
-8.28502 44.0596 7.35157 0.0 -0.769399 -0.638768
-9.23744 44.0596 7.35157 0.0 -0.769399 -0.638768
-8.28502 44.9772 6.24626 0.0 -0.769399 -0.638768
-9.23744 44.9772 6.24626 0.0 -0.769399 -0.638768
-8.27736 43.762 7.47283 -1.0 2.80484e-006 2.12353e-006
-8.27852 43.762 7.47283 0.0 0.638767 -0.7694
-11.4283 43.762 7.47283 0.0 0.638767 -0.7694
-11.4283 43.8584 7.35675 0.0 -0.638789 0.769382
-8.27736 43.8584 7.35675 -1.0 2.80485e-006 2.12356e-006
-8.28198 43.8584 7.35675 -0.000131946 -0.638775 0.769394
-8.27736 43.8187 7.51988 -1.73017e-007 -0.769401 -0.638766
-11.4283 43.8187 7.51988 0.0 -0.769399 -0.638768
-8.27736 43.9151 7.4038 -3.18481e-007 -0.769404 -0.638763
-11.4283 43.9151 7.4038 -1.73017e-007 -0.769401 -0.638766
-10.4759 42.7609 8.67866 -1.0 -2.83993e-007 -4.4085e-007
-11.4283 42.7609 8.67866 8.81454e-007 0.638773 -0.769395
-11.4283 43.6786 7.57334 1.0 -2.55347e-006 -2.27266e-006
-10.4759 43.6786 7.57334 -1.0 0.0 -1.98184e-007
-9.3806 42.7609 8.67866 -1.0 -1.33239e-006 -1.2218e-006
-10.333 42.7609 8.67866 8.81454e-007 0.638767 -0.7694
-10.333 43.6786 7.57334 1.0 -1.94246e-006 -1.64613e-006
-9.3806 43.6786 7.57334 -1.0 -6.95182e-007 -7.97134e-007
-8.28502 42.7609 8.67866 0.0 -0.769399 -0.638768
-9.23744 42.7609 8.67866 1.84396e-006 0.638767 -0.7694
-9.23744 43.6786 7.57334 1.0 -5.677e-007 -2.36423e-007
-8.28502 43.6786 7.57334 6.33143e-005 -0.769396 -0.638772
-10.4759 42.8775 8.77541 0.0 -0.769399 -0.638768
-11.4283 42.8775 8.77541 0.0 -0.769399 -0.638768
-10.4759 43.7951 7.67009 0.0 -0.769399 -0.638768
-11.4283 43.7951 7.67009 0.0 -0.769399 -0.638768
-9.3806 42.8775 8.77541 0.0 -0.769399 -0.638768
-10.333 42.8775 8.77541 0.0 -0.769399 -0.638768
-9.3806 43.7951 7.67009 0.0 -0.769399 -0.638768
-10.333 43.7951 7.67009 0.0 -0.769399 -0.638768
-8.28502 42.8775 8.77541 0.0 -0.769399 -0.638768
-9.23744 42.8775 8.77541 0.0 -0.769399 -0.638768
-8.28502 43.7951 7.67009 0.0 -0.769399 -0.638768
-9.23744 43.7951 7.67009 0.0 -0.769399 -0.638768
-8.27539 42.58 8.89666 2.00288e-005 -0.769408 -0.638757
-11.4283 42.58 8.89666 1.0 1.73552e-006 2.21377e-006
-11.4283 42.6763 8.78058 1.0 2.14491e-006 3.12148e-006
-8.28052 42.6763 8.78059 0.0 -0.769399 -0.638768
-8.27736 42.6763 8.78058 0.0 -0.769399 -0.638768
-8.27736 42.58 8.89666 0.0 -0.769399 -0.638768
-8.27736 42.6168 8.85223 0.0 -0.769399 -0.638768
-8.27736 42.6366 8.94372 -1.73017e-007 -0.769401 -0.638766
-11.4283 42.6366 8.94372 0.0 -0.769399 -0.638768
-8.27736 42.733 8.82763 -3.18481e-007 -0.769404 -0.638763
-11.4283 42.733 8.82763 -1.73017e-007 -0.769401 -0.638766
-10.4759 41.5919 10.0868 -1.0 -5.89511e-007 -7.5413e-007
-11.4283 41.5919 10.0868 8.81447e-007 0.638773 -0.769395
-11.4283 42.5096 8.98146 0.0 -0.769399 -0.638768
-10.4759 42.5096 8.98146 2.5383e-006 -0.769418 -0.638745
-9.3806 41.5919 10.0868 -1.0 3.02023e-006 2.39183e-006
-10.333 41.5919 10.0868 8.81447e-007 0.638773 -0.769395
-10.333 42.5096 8.98146 1.0 -1.637e-006 -1.33288e-006
-9.3806 42.5096 8.98146 -1.0 1.1996e-006 1.17847e-006
-8.28502 41.5919 10.0868 -1.0 2.72938e-006 2.0609e-006
-9.23744 41.5919 10.0868 8.81453e-007 0.638767 -0.7694
-9.23744 42.5096 8.98146 1.0 -4.14945e-007 0.0
-8.28502 42.5096 8.98146 -1.0 5.44617e-007 6.04876e-007
-10.4759 41.7084 10.1835 0.0 -0.769399 -0.638768
-11.4283 41.7084 10.1835 0.0 -0.769399 -0.638768
-10.4759 42.6261 9.07821 0.0 -0.769399 -0.638768
-11.4283 42.6261 9.07821 0.0 -0.769399 -0.638768
-9.3806 41.7084 10.1835 0.0 -0.769399 -0.638768
-10.333 41.7084 10.1835 0.0 -0.769399 -0.638768
-9.3806 42.6261 9.07821 0.0 -0.769399 -0.638768
-10.333 42.6261 9.07821 0.0 -0.769399 -0.638768
-8.28502 41.7084 10.1835 0.0 -0.769399 -0.638768
-9.23744 41.7084 10.1835 0.0 -0.769399 -0.638768
-8.28502 42.6261 9.07821 0.0 -0.769399 -0.638768
-9.23744 42.6261 9.07821 0.0 -0.769399 -0.638768
-8.27735 41.4109 10.3048 4.70787e-006 -0.769398 -0.638769
-11.4283 41.4109 10.3048 1.0 2.29378e-006 1.54158e-006
-11.4283 41.5073 10.1887 1.0 1.88435e-006 6.33828e-007
-8.27645 41.5073 10.1887 -3.61415e-005 -0.769398 -0.638769
-8.27735 41.5073 10.1887 2.76004e-006 -0.769396 -0.638773
-8.27735 41.4676 10.3518 -1.73017e-007 -0.769401 -0.638766
-11.4283 41.4676 10.3518 0.0 -0.769399 -0.638768
-8.27735 41.564 10.2358 -3.18481e-007 -0.769404 -0.638763
-11.4283 41.564 10.2358 -1.73017e-007 -0.769401 -0.638766
-10.4759 40.3893 11.5354 1.74756e-007 -0.769404 -0.638762
-11.4283 40.3893 11.5354 0.0 -0.769399 -0.638768
-11.4283 41.3069 10.4301 -3.59226e-005 -0.769395 -0.638773
-10.4759 41.3069 10.4301 0.0 -0.769399 -0.638768
-9.3806 40.3893 11.5354 0.0 -0.769409 -0.638757
-10.333 40.3893 11.5354 0.0 -0.769406 -0.63876
-10.333 41.3069 10.4301 0.0 -0.769399 -0.638768
-9.3806 41.3069 10.4301 0.0 -0.769399 -0.638768
-8.28502 40.3893 11.5354 6.93697e-006 -0.769404 -0.638762
-9.23744 40.3893 11.5354 0.0 -0.769406 -0.63876
-9.23744 41.3069 10.4301 0.0 -0.769399 -0.638768
-8.28502 41.3069 10.4301 0.0 -0.769399 -0.638768
-10.4759 40.5058 11.6321 0.0 -0.769399 -0.638768
-11.4283 40.5058 11.6321 0.0 -0.769399 -0.638768
-10.4759 41.4235 10.5268 0.0 -0.769399 -0.638768
-11.4283 41.4235 10.5268 0.0 -0.769399 -0.638768
-9.3806 40.5058 11.6321 0.0 -0.769399 -0.638768
-10.333 40.5058 11.6321 0.0 -0.769399 -0.638768
-9.3806 41.4235 10.5268 0.0 -0.769399 -0.638768
-10.333 41.4234 10.5268 0.0 -0.769399 -0.638768
-8.28502 40.5058 11.6321 0.0 -0.769399 -0.638768
-9.23744 40.5058 11.6321 0.0 -0.769399 -0.638768
-8.28502 41.4235 10.5268 0.0 -0.769399 -0.638768
-9.23744 41.4235 10.5268 0.0 -0.769399 -0.638768
-8.25174 45.2337 5.94823 0.0 -0.999999 3.84536e-006
-8.25174 45.2337 6.03323 0.0 -0.999999 5.40816e-007
-8.29424 45.2337 6.02184 -3.90743e-006 -0.999999 2.78452e-006
-8.32535 45.2337 5.99073 -2.34503e-007 -0.999999 5.57768e-006
-8.33674 45.2337 5.94823 0.0 -0.999999 6.12714e-006
-8.32535 45.2337 5.90573 2.95658e-007 -0.999999 5.57768e-006
-8.29424 45.2337 5.87462 3.96858e-006 -0.999999 2.78452e-006
-8.25174 45.2337 5.86323 0.0 -0.999999 5.40816e-007
-8.20924 45.2337 5.87462 -3.90743e-006 -0.999999 2.78452e-006
-8.17812 45.2337 5.90573 -2.34503e-007 -0.999999 5.57768e-006
-8.16674 45.2337 5.94823 0.0 -0.999999 6.12714e-006
-8.17812 45.2337 5.99073 2.95658e-007 -0.999999 5.57768e-006
-8.20924 45.2337 6.02184 3.96858e-006 -0.999999 2.78452e-006
-8.25174 46.9253 6.03323 0.077401 0.0 0.997001
-8.29424 46.9253 6.02184 -0.379837 0.0 0.925054
-8.32535 46.9253 5.99073 -0.782567 1.32207e-007 0.622567
-8.33674 46.9253 5.94823 -0.994763 -1.64771e-007 0.102213
-8.32535 46.9253 5.90573 -0.885957 0.0 -0.463768
-8.29424 46.9253 5.87462 -0.526743 0.0 -0.850025
-8.25174 46.9253 5.86323 -0.0774024 -2.5355e-007 -0.997
-8.20924 46.9253 5.87462 0.379836 0.0 -0.925054
-8.17812 46.9253 5.90573 0.782568 2.09135e-007 -0.622566
-8.16674 46.9253 5.94823 0.994763 0.0 -0.102212
-8.17812 46.9253 5.99073 0.885957 2.30766e-007 0.463769
-8.20924 46.9253 6.02184 0.526744 3.64732e-007 0.850024
-8.25174 46.9253 5.94823 -6.04669e-007 0.999999 0.0
-8.25174 46.7798 8.75574 0.561811 0.827265 -2.13988e-007
-8.25174 46.7798 8.84074 0.561809 0.827267 2.88897e-006
-8.21825 46.7536 8.82935 0.561812 0.827265 -2.54162e-006
-8.19373 46.7344 8.79824 0.561814 0.827263 3.1087e-006
-8.18476 46.7274 8.75574 0.561809 0.827267 2.88897e-006
-8.19373 46.7344 8.71324 0.56181 0.827266 -5.36678e-006
-8.21825 46.7536 8.68212 0.561813 0.827264 -1.34927e-006
-8.25174 46.7798 8.67074 0.561812 0.827265 -3.43781e-007
-8.28523 46.8059 8.68212 0.561812 0.827265 -2.54162e-006
-8.30974 46.8251 8.71324 0.561812 0.827265 1.49582e-006
-8.31872 46.8321 8.75574 0.561809 0.827267 -1.21683e-006
-8.30974 46.8251 8.79824 0.561812 0.827264 -3.01408e-006
-8.28523 46.8059 8.82935 0.561814 0.827263 3.5673e-006
-10.839 43.4682 8.84074 -0.06097 0.0548005 0.996635
-10.8055 43.4421 8.82935 0.294945 -0.265103 0.918003
-10.781 43.4229 8.79824 0.593235 -0.533212 0.603123
-10.772 43.4159 8.75574 0.740257 -0.665359 0.0965247
-10.781 43.4229 8.71324 0.665689 -0.598335 -0.445929
-10.8055 43.4421 8.68213 0.406607 -0.365466 -0.83732
-10.839 43.4682 8.67074 0.0609686 -0.0547992 -0.996635
-10.8725 43.4944 8.68213 -0.294946 0.265104 -0.918002
-10.897 43.5135 8.71324 -0.593239 0.533216 -0.603116
-10.906 43.5206 8.75574 -0.740256 0.665358 -0.0965398
-10.897 43.5135 8.79824 -0.66568 0.598327 0.445953
-10.8725 43.4944 8.82935 -0.406612 0.365471 0.837316
-10.839 43.4682 8.75574 -0.561811 -0.827265 1.03861e-006
-10.8388 42.9296 8.75574 1.02492e-006 -0.999999 1.76953e-006
-10.8388 42.9296 8.84074 0.0 -0.999999 6.12714e-006
-10.8813 42.9296 8.82935 2.01791e-006 -0.999999 2.15112e-006
-10.9124 42.9296 8.79824 -1.95677e-006 -0.999999 2.15112e-006
-10.9238 42.9296 8.75574 0.0 -0.999999 4.47876e-006
-10.9124 42.9296 8.71324 1.50224e-006 -0.999999 0.0
-10.8813 42.9296 8.68213 -2.66119e-006 -0.999999 7.54542e-007
-10.8388 42.9296 8.67074 0.0 -0.999999 4.47876e-006
-10.7963 42.9296 8.68213 8.68839e-006 -0.999999 4.69248e-006
-10.7652 42.9296 8.71324 4.52496e-006 -0.999999 -4.03052e-006
-10.7538 42.9296 8.75574 0.0 -0.999999 -3.39712e-006
-10.7652 42.9296 8.79824 2.01792e-006 -0.999999 2.15112e-006
-10.7963 42.9296 8.82935 -1.95677e-006 -0.999999 2.15112e-006
-10.8388 46.9326 8.84074 0.0774106 -1.82547e-007 0.997
-10.8813 46.9326 8.82935 -0.379842 -1.92271e-007 0.925052
-10.9124 46.9326 8.79824 -0.782566 -1.52487e-007 0.622567
-10.9238 46.9326 8.75574 -0.994763 0.0 0.102211
-10.9124 46.9326 8.71324 -0.885956 0.0 -0.46377
-10.8813 46.9326 8.68213 -0.526742 1.51008e-007 -0.850026
-10.8388 46.9326 8.67074 -0.0774025 1.28042e-007 -0.997
-10.7963 46.9326 8.68213 0.379831 0.0 -0.925056
-10.7652 46.9326 8.71324 0.782569 0.0 -0.622563
-10.7538 46.9326 8.75574 0.994762 0.0 -0.102214
-10.7652 46.9326 8.79824 0.885958 -2.45549e-007 0.463767
-10.7963 46.9326 8.82935 0.526745 -3.53451e-007 0.850024
-10.8388 46.9326 8.75574 -1.0249e-006 0.999999 1.53502e-006
-8.25174 43.0615 8.75574 1.0 0.0 1.62883e-007
-8.25174 43.0615 8.84074 1.0 0.0 1.62883e-007
-8.25174 43.019 8.82935 1.0 0.0 1.62883e-007
-8.25174 42.9879 8.79824 1.0 0.0 1.62883e-007
-8.25174 42.9765 8.75574 1.0 0.0 1.62883e-007
-8.25174 42.9879 8.71324 1.0 0.0 1.62883e-007
-8.25174 43.019 8.68213 1.0 0.0 1.62883e-007
-8.25174 43.0615 8.67074 1.0 0.0 1.62883e-007
-8.25174 43.104 8.68212 1.0 0.0 1.62883e-007
-8.25174 43.1352 8.71324 1.0 0.0 1.62883e-007
-8.25174 43.1465 8.75574 1.0 0.0 1.62883e-007
-8.25174 43.1352 8.79824 1.0 0.0 1.62883e-007
-8.25174 43.104 8.82935 1.0 0.0 1.62883e-007
-11.5246 43.0615 8.84074 -2.63552e-007 0.0889714 0.996035
-11.5246 43.019 8.82935 -3.46279e-007 -0.42097 0.907075
-11.5246 42.9879 8.79824 -3.7748e-007 -0.818115 0.575054
-11.5246 42.9765 8.75574 1.65268e-007 -0.996035 0.0889535
-11.5246 42.9879 8.71324 1.21772e-007 -0.90708 -0.420959
-11.5246 43.019 8.68213 0.0 -0.57505 -0.818119
-11.5246 43.0615 8.67074 0.0 -0.0889582 -0.996036
-11.5246 43.104 8.68212 0.0 0.420968 -0.907076
-11.5246 43.1352 8.71324 0.0 0.818118 -0.57505
-11.5246 43.1465 8.75574 -1.33435e-007 0.996034 -0.0889644
-11.5246 43.1352 8.79824 0.0 0.907067 0.420985
-11.5246 43.104 8.82935 -1.26602e-007 0.575064 0.818109
-11.5246 43.0615 8.75574 -1.0 0.0 -1.62882e-007
-10.8388 45.2337 5.94823 0.0 -0.489381 -0.87207
-10.8388 45.1596 5.98983 0.0 -0.489379 -0.872072
-10.8678 45.164 5.98732 -5.2893e-006 -0.489377 -0.872073
-10.8934 45.1769 5.98009 -1.36598e-006 -0.489383 -0.87207
-10.9124 45.1966 5.96903 6.3046e-006 -0.489388 -0.872067
-10.9225 45.2208 5.95545 5.00121e-006 -0.489386 -0.872068
-10.9225 45.2466 5.941 7.36072e-006 -0.489373 -0.872075
-10.9124 45.2708 5.92743 9.45395e-007 -0.489375 -0.872074
-10.8934 45.2905 5.91636 1.25643e-006 -0.489383 -0.87207
-10.8678 45.3034 5.90914 -8.65178e-006 -0.489382 -0.87207
-10.8388 45.3078 5.90663 0.0 -0.489389 -0.872066
-10.8097 45.3034 5.90914 8.54224e-006 -0.489382 -0.87207
-10.7841 45.2905 5.91636 -1.36598e-006 -0.489383 -0.87207
-10.7652 45.2708 5.92743 -1.05495e-006 -0.489375 -0.872074
-10.7551 45.2466 5.941 -7.47027e-006 -0.489373 -0.872075
-10.7551 45.2208 5.95545 -5.11075e-006 -0.489386 -0.872068
-10.7652 45.1966 5.96903 -6.41414e-006 -0.489388 -0.872067
-10.7841 45.1769 5.98009 1.25644e-006 -0.489383 -0.87207
-10.8097 45.164 5.98732 5.17975e-006 -0.489377 -0.872073
-10.8388 46.7373 8.80138 0.0510289 -0.870932 0.488746
-10.8678 46.7418 8.79887 -0.253272 -0.843635 0.473427
-10.8934 46.7547 8.79165 -0.545738 -0.730755 0.410081
-10.9124 46.7744 8.78058 -0.799299 -0.524054 0.294086
-10.9225 46.7986 8.767 -0.965055 -0.228523 0.128242
-10.9225 46.8243 8.75256 -0.991379 0.114263 -0.0641217
-10.9124 46.8485 8.73898 -0.867995 0.433046 -0.243015
-10.8934 46.8683 8.72791 -0.63723 0.67208 -0.377155
-10.8678 46.8811 8.72069 -0.353351 0.815812 -0.457814
-10.8388 46.8856 8.71818 -0.0510366 0.870932 -0.488745
-10.8097 46.8811 8.72069 0.253277 0.843634 -0.473426
-10.7841 46.8683 8.72791 0.545738 0.730755 -0.410082
-10.7652 46.8485 8.73898 0.799311 0.524041 -0.294079
-10.7551 46.8243 8.75256 0.965055 0.228524 -0.128242
-10.7551 46.7986 8.767 0.991379 -0.114262 0.064121
-10.7652 46.7744 8.78058 0.867996 -0.433044 0.243014
-10.7841 46.7547 8.79165 0.637205 -0.672099 0.377165
-10.8097 46.7418 8.79887 0.353352 -0.815812 0.457813
-10.8388 46.8115 8.75978 9.40928e-007 0.489379 0.872072
-8.25174 45.2337 5.94823 -2.34707e-006 -0.489382 -0.87207
-8.25174 45.1596 5.98983 -1.01233e-005 -0.489379 -0.872072
-8.29424 45.1695 5.98425 -2.96917e-006 -0.489382 -0.87207
-8.32535 45.1966 5.96903 1.18605e-006 -0.489383 -0.872069
-8.33674 45.2337 5.94823 0.0 -0.489379 -0.872072
-8.32535 45.2708 5.92743 -2.00292e-006 -0.48938 -0.872071
-8.29424 45.2979 5.9122 -8.49978e-006 -0.489386 -0.872068
-8.25174 45.3078 5.90663 0.0 -0.489389 -0.872066
-8.20924 45.2979 5.9122 -3.29322e-007 -0.489381 -0.87207
-8.17812 45.2708 5.92743 -6.82617e-006 -0.489385 -0.872068
-8.16674 45.2337 5.94823 0.0 -0.489389 -0.872066
-8.17812 45.1966 5.96903 3.73865e-006 -0.489374 -0.872074
-8.20924 45.1695 5.98425 -2.17463e-006 -0.489373 -0.872075
-8.25173 46.7373 8.80138 0.077386 -0.869454 0.487915
-8.29423 46.7473 8.79581 -0.379834 -0.806711 0.452706
-8.32535 46.7744 8.78058 -0.782564 -0.542924 0.304676
-8.33673 46.8115 8.75978 -0.994763 -0.0891339 0.0500205
-8.32535 46.8485 8.73899 -0.885955 0.404441 -0.226961
-8.29423 46.8757 8.72376 -0.526748 0.741278 -0.415985
-8.25173 46.8856 8.71819 -0.0774035 0.869453 -0.487914
-8.20923 46.8757 8.72376 0.379835 0.806711 -0.452705
-8.17812 46.8485 8.73899 0.782574 0.542913 -0.304669
-8.16673 46.8115 8.75978 0.994762 0.0891391 -0.0500235
-8.17812 46.7744 8.78058 0.885959 -0.404435 0.226958
-8.20923 46.7473 8.79581 0.526745 -0.741279 0.415986
-8.25173 46.8115 8.75978 6.6399e-006 0.48938 0.872071
-8.25174 42.9296 8.75574 0.0 -0.999999 -1.23736e-006
-8.25174 42.9296 8.84074 0.0 -0.999999 -3.4352e-006
-8.29424 42.9296 8.82935 -5.16823e-006 -0.999999 -2.63394e-006
-8.32535 42.9296 8.79824 -1.95677e-006 -0.999999 2.15112e-006
-8.33674 42.9296 8.75574 0.0 -0.999999 -3.39712e-006
-8.32535 42.9296 8.71324 -5.16819e-006 -0.999999 -2.63394e-006
-8.29424 42.9296 8.68212 -1.95673e-006 -0.999999 2.15112e-006
-8.25174 42.9296 8.67074 0.0 -0.999999 -3.4352e-006
-8.20924 42.9296 8.68212 2.01787e-006 -0.999999 2.15112e-006
-8.17812 42.9296 8.71324 5.22933e-006 -0.999999 -2.63394e-006
-8.16674 42.9296 8.75574 0.0 -0.999999 -3.39712e-006
-8.17812 42.9296 8.79824 2.01793e-006 -0.999999 2.15112e-006
-8.20924 42.9296 8.82935 5.22939e-006 -0.999999 -2.63394e-006
-8.25174 46.9326 8.84074 0.0774024 0.0 0.997001
-8.29424 46.9326 8.82935 -0.379834 0.0 0.925055
-8.32535 46.9326 8.79824 -0.78257 0.0 0.622563
-8.33674 46.9326 8.75574 -0.994762 0.0 0.102215
-8.32535 46.9326 8.71324 -0.885956 2.12292e-007 -0.46377
-8.29424 46.9326 8.68213 -0.526746 4.00169e-007 -0.850023
-8.25174 46.9326 8.67074 -0.0773982 2.64764e-007 -0.997001
-8.20924 46.9326 8.68213 0.379828 2.96198e-007 -0.925058
-8.17812 46.9326 8.71324 0.782572 1.42424e-007 -0.622561
-8.16674 46.9326 8.75574 0.994763 0.0 -0.102212
-8.17812 46.9326 8.79824 0.885955 -1.89824e-007 0.463772
-8.20924 46.9326 8.82935 0.526747 0.0 0.850023
-8.25174 46.9326 8.75574 -5.27755e-007 0.999999 -8.38476e-007
-10.8388 45.2337 5.94823 0.0 -0.999999 -4.74171e-007
-10.8388 45.2337 6.03323 0.0 -0.999999 5.40816e-007
-10.8813 45.2337 6.02184 7.42762e-006 -0.999999 -7.25969e-007
-10.9124 45.2337 5.99073 2.80269e-006 -0.999999 -7.45707e-006
-10.9238 45.2337 5.94823 0.0 -0.999999 -3.39712e-006
-10.9124 45.2337 5.90573 2.95658e-007 -0.999999 5.57768e-006
-10.8813 45.2337 5.87462 3.96859e-006 -0.999999 2.78452e-006
-10.8388 45.2337 5.86323 0.0 -0.999999 5.40816e-007
-10.7963 45.2337 5.87462 -3.90743e-006 -0.999999 2.78452e-006
-10.7652 45.2337 5.90573 -2.34503e-007 -0.999999 5.57768e-006
-10.7538 45.2337 5.94823 0.0 -0.999999 -3.39712e-006
-10.7652 45.2337 5.99073 -2.74154e-006 -0.999999 -7.45707e-006
-10.7963 45.2337 6.02184 -7.36647e-006 -0.999999 -7.25972e-007
-10.8388 46.9253 6.03323 0.0774079 0.0 0.997
-10.8813 46.9253 6.02184 -0.379839 0.0 0.925053
-10.9124 46.9253 5.99073 -0.782568 -1.64562e-007 0.622565
-10.9238 46.9253 5.94823 -0.994762 0.0 0.102213
-10.9124 46.9253 5.90573 -0.885958 0.0 -0.463766
-10.8813 46.9253 5.87462 -0.526743 0.0 -0.850025
-10.8388 46.9253 5.86323 -0.0773996 -3.60843e-007 -0.997001
-10.7963 46.9253 5.87462 0.379832 -2.11756e-007 -0.925056
-10.7652 46.9253 5.90573 0.782569 0.0 -0.622564
-10.7538 46.9253 5.94823 0.994762 0.0 -0.102215
-10.7652 46.9253 5.99073 0.885956 0.0 0.46377
-10.7963 46.9253 6.02184 0.52674 -2.86872e-007 0.850027
-10.8388 46.9253 5.94823 0.0 0.999999 2.03862e-006
-8.15407 40.2995 11.6435 1.0 -3.68188e-006 -2.85169e-006
-8.15407 40.2995 11.6435 1.77836e-005 -0.769403 -0.638763
-11.5525 40.2995 11.6435 -1.0 6.29332e-006 4.98328e-006
-11.5525 40.2995 11.6435 -3.46933e-006 -0.769399 -0.638768
-8.15407 46.3032 4.41193 1.0 -3.68188e-006 -2.85169e-006
-8.15407 46.3032 4.41193 1.33813e-005 -0.769395 -0.638774
-11.5525 46.3032 4.41193 -2.15929e-007 0.638767 -0.7694
-11.5525 46.3032 4.41193 9.75164e-006 -0.769402 -0.638764
-8.15407 40.4499 11.7684 -1.88687e-007 -0.638776 0.769393
-8.15407 40.4499 11.7684 1.0 -3.68188e-006 -2.85169e-006
-11.5525 40.4499 11.7684 0.0 -0.638774 0.769395
-11.5525 40.4499 11.7684 -1.0 7.31283e-006 5.86616e-006
-8.15407 46.4537 4.53683 -2.15929e-007 0.638767 -0.7694
-8.15407 46.4537 4.53683 1.0 -3.68188e-006 -2.85169e-006
-11.5525 46.4537 4.53683 -1.0 6.29332e-006 4.98328e-006
-11.5525 46.4537 4.53683 0.0 0.638763 -0.769403
-10.4759 45.3008 5.61939 4.00199e-007 0.638765 -0.769402
-10.4759 45.3008 5.61939 0.0 -0.769399 -0.638768
-11.4283 45.3008 5.61939 1.0 -7.20445e-007 -3.93051e-007
-11.4283 45.3008 5.61939 -0.000149423 -0.769399 -0.638768
-11.4283 46.2184 4.51407 3.21683e-007 -0.638763 0.769403
-11.4283 46.2184 4.51407 -6.26865e-005 -0.590168 -0.807281
-10.4759 46.2184 4.51407 5.62315e-007 -0.638765 0.769402
-10.4759 46.2184 4.51407 0.0 0.138871 -0.990311
-9.3806 45.3008 5.61939 1.59571e-007 0.638763 -0.769403
-9.3806 45.3008 5.61939 0.0 -0.769399 -0.638768
-10.333 45.3008 5.61939 1.0 -5.67699e-007 -2.36422e-007
-10.333 45.3008 5.61939 0.0 -0.769399 -0.638768
-10.333 46.2184 4.51407 0.0 -0.63877 0.769398
-10.333 46.2184 4.51407 -2.74956e-007 -0.590162 -0.807285
-9.3806 46.2184 4.51407 0.0 -0.63877 0.769398
-9.3806 46.2184 4.51407 0.0 -0.769394 -0.638774
-8.28502 45.3008 5.61939 1.36271e-006 0.638767 -0.7694
-8.28502 45.3008 5.61939 0.0 -0.769399 -0.638768
-9.23744 45.3008 5.61939 1.0 0.0 3.90122e-007
-9.23744 45.3008 5.61939 0.0 -0.769399 -0.638768
-9.23744 46.2184 4.51407 0.0 -0.63877 0.769398
-9.23744 46.2184 4.51407 0.0 -0.769392 -0.638776
-8.28502 46.2184 4.51407 0.0 -0.63877 0.769398
-8.28502 46.2184 4.51407 4.56469e-005 -0.769397 -0.638771
-10.4759 45.4173 5.71615 -1.0 -8.94998e-007 -1.06738e-006
-10.4759 45.4173 5.71615 -5.62312e-007 0.638759 -0.769407
-11.4283 45.4173 5.71615 4.00199e-007 0.638765 -0.769402
-11.4283 45.4173 5.71615 1.0 0.0 2.33486e-007
-10.4759 46.335 4.61083 -1.0 -8.94994e-007 -1.06738e-006
-10.4759 46.335 4.61083 3.21683e-007 -0.638763 0.769403
-11.4283 46.335 4.61082 1.0 -7.20445e-007 -3.93051e-007
-11.4283 46.335 4.61082 0.0 -0.638762 0.769404
-9.3806 45.4173 5.71615 -1.0 6.97341e-007 7.61489e-007
-9.3806 45.4173 5.71615 -5.62312e-007 0.638759 -0.769407
-10.333 45.4173 5.71615 1.59571e-007 0.638763 -0.769403
-10.333 45.4173 5.71615 1.0 0.0 2.33486e-007
-9.3806 46.335 4.61083 -1.0 -1.12327e-006 -4.51844e-007
-9.3806 46.335 4.61083 0.0 -0.63877 0.769398
-10.333 46.335 4.61083 1.0 -5.67699e-007 -2.36422e-007
-10.333 46.335 4.61083 0.0 -0.63877 0.769398
-8.28502 45.4173 5.71614 -1.0 2.42385e-006 1.74762e-006
-8.28502 45.4173 5.71614 1.84397e-006 0.63877 -0.769398
-9.23744 45.4173 5.71615 1.36271e-006 0.638767 -0.7694
-9.23744 45.4173 5.71615 1.0 0.0 2.33487e-007
-8.28502 46.335 4.61083 -1.0 2.78797e-006 1.99028e-006
-8.28502 46.335 4.61083 0.0 -0.63877 0.769398
-9.23744 46.335 4.61083 1.0 0.0 3.90122e-007
-9.23744 46.335 4.61083 0.0 -0.63877 0.769398
-8.27736 45.1198 5.83739 -0.000156652 0.638778 -0.769391
-8.27736 45.1198 5.83739 0.000342222 -0.769394 -0.638775
-8.28028 45.1198 5.83739 -7.2513e-007 -0.769386 -0.638784
-11.4283 45.1198 5.83739 -6.63455e-007 0.638756 -0.769409
-11.4283 45.1198 5.83739 1.0 2.81506e-006 6.51706e-006
-11.4283 45.2162 5.72132 6.63929e-007 -0.638751 0.769414
-11.4283 45.2162 5.72132 1.0 5.68094e-006 1.28712e-005
-8.28281 45.2162 5.72131 2.39977e-005 -0.769399 -0.638768
-8.27736 45.2162 5.72132 -0.000252178 -0.638773 0.769395
-8.27736 45.2162 5.72132 9.1309e-005 -0.769401 -0.638766
-8.27736 45.1765 5.88445 -1.0 2.80476e-006 2.12342e-006
-8.27736 45.1765 5.88445 -7.84392e-005 0.638776 -0.769393
-11.4283 45.1765 5.88445 -4.44988e-007 0.638765 -0.769402
-11.4283 45.1765 5.88445 1.0 0.0 1.62883e-007
-8.27736 45.2729 5.76837 -1.0 2.80479e-006 2.12348e-006
-8.27736 45.2729 5.76837 -0.000126266 -0.638781 0.769388
-11.4283 45.2729 5.76836 1.54284e-007 -0.63877 0.769398
-11.4283 45.2729 5.76836 1.0 2.81506e-006 6.51706e-006
-8.2764 44.9716 6.01594 -0.999799 -0.0127395 -0.0154693
-11.4283 44.9833 6.00178 0.0145367 0.996649 -0.0804848
-11.4283 44.9833 6.00178 1.43073e-005 -0.769396 -0.638772
-8.27736 45.0315 5.94374 3.71928e-007 -0.638767 0.7694
-8.27736 45.0315 5.94374 -0.999932 -0.00746532 0.00899193
-8.27736 44.9352 6.05982 0.00788695 0.887309 -0.461108
-8.27736 44.9352 6.05982 -0.99976 -0.00900502 -0.0199653
-8.27736 44.9918 6.10687 0.0 0.638773 -0.769395
-8.27736 44.9918 6.10687 -1.0 0.0 -1.62883e-007
-11.4283 44.9918 6.10687 0.00788695 0.887309 -0.461108
-11.4283 44.9918 6.10687 1.0 1.4565e-006 2.54997e-006
-8.27736 45.0882 5.99079 3.71957e-007 -0.638767 0.7694
-8.27736 45.0882 5.99079 -0.999911 -0.0084925 -0.0103123
-11.4283 45.0882 5.99079 0.71731 0.0726145 0.69296
-11.4283 45.0882 5.99079 3.71985e-007 -0.638767 0.7694
-9.85315 45.0315 5.94374 0.02907 0.104173 0.994135
-9.85315 45.0315 5.94374 3.71957e-007 -0.638767 0.7694
-10.4759 43.943 7.25482 0.0 0.638767 -0.7694
-10.4759 43.943 7.25482 0.0 -0.769393 -0.638775
-11.4283 43.943 7.25482 1.0 -1.02596e-006 -7.06325e-007
-11.4283 43.943 7.25482 -0.000216755 -0.769392 -0.638777
-11.4283 44.8607 6.14951 -4.00206e-007 -0.638773 0.769395
-11.4283 44.8607 6.14951 6.64496e-005 -0.769399 -0.638768
-10.4759 44.8607 6.14951 5.62298e-007 -0.638778 0.769391
-10.4759 44.8607 6.14951 -2.68182e-007 -0.769399 -0.638769
-9.3806 43.943 7.25482 0.0 0.638778 -0.769391
-9.3806 43.943 7.25482 0.0 -0.769396 -0.638772
-10.333 43.943 7.25482 1.0 -7.20464e-007 -3.93067e-007
-10.333 43.943 7.25482 0.0 -0.769397 -0.638771
-10.333 44.8607 6.14951 -1.59566e-007 -0.638774 0.769394
-10.333 44.8607 6.14951 2.93285e-007 -0.769407 -0.638759
-9.3806 44.8607 6.14951 0.0 -0.638775 0.769393
-9.3806 44.8607 6.14951 2.13076e-007 -0.769406 -0.638759
-8.28502 43.943 7.25482 -5.62318e-007 0.638775 -0.769393
-8.28502 43.943 7.25482 -0.00013686 -0.769396 -0.638772
-9.23744 43.943 7.25482 1.0 0.0 2.33485e-007
-9.23744 43.943 7.25482 0.0 -0.769396 -0.638772
-9.23744 44.8607 6.14951 3.21684e-007 -0.638774 0.769394
-9.23744 44.8607 6.14951 0.0 -0.769407 -0.638759
-8.28502 44.8607 6.14951 0.0 -0.638773 0.769395
-8.28502 44.8607 6.14951 -0.000128235 -0.769402 -0.638765
-10.4759 44.0596 7.35158 -1.0 -4.07445e-007 -6.32792e-007
-10.4759 44.0596 7.35158 0.0 0.638767 -0.7694
-11.4283 44.0596 7.35158 0.0 0.638767 -0.7694
-11.4283 44.0596 7.35158 1.0 0.0 2.33486e-007
-10.4759 44.9772 6.24626 -1.0 -2.25383e-007 -5.11458e-007
-10.4759 44.9772 6.24626 -4.00206e-007 -0.638773 0.769395
-11.4283 44.9772 6.24626 1.0 -1.02596e-006 -7.06325e-007
-11.4283 44.9772 6.24626 -1.36271e-006 -0.638767 0.7694
-9.3806 44.0596 7.35158 -1.0 1.03219e-006 1.03949e-006
-9.3806 44.0596 7.35158 0.0 0.638778 -0.769391
-10.333 44.0596 7.35158 0.0 0.638778 -0.769391
-10.333 44.0596 7.35158 1.0 0.0 2.33485e-007
-9.3806 44.9772 6.24626 -1.0 -7.88458e-007 -1.73881e-007
-9.3806 44.9772 6.24626 -1.59566e-007 -0.638774 0.769394
-10.333 44.9772 6.24626 1.0 -7.20464e-007 -3.93067e-007
-10.333 44.9772 6.24626 -4.00199e-007 -0.638773 0.769395
-8.28502 44.0596 7.35158 -1.0 3.09352e-006 2.30359e-006
-8.28502 44.0596 7.35158 -1.04357e-006 0.638773 -0.769395
-9.23744 44.0596 7.35158 -5.62318e-007 0.638775 -0.769393
-9.23744 44.0596 7.35158 1.0 0.0 2.33485e-007
-8.28502 44.9772 6.24626 -1.0 3.45765e-006 2.54626e-006
-8.28502 44.9772 6.24626 3.21684e-007 -0.638774 0.769394
-9.23744 44.9772 6.24626 1.0 0.0 2.33485e-007
-9.23744 44.9772 6.24626 5.62311e-007 -0.638775 0.769393
-8.27736 43.762 7.47283 0.0 0.638767 -0.7694
-8.27736 43.762 7.47283 -0.000263465 -0.769404 -0.638763
-8.27852 43.762 7.47283 3.42156e-005 -0.769393 -0.638776
-11.4283 43.762 7.47283 1.0 2.81518e-006 6.51702e-006
-11.4283 43.762 7.47283 7.97701e-005 -0.769399 -0.638769
-11.4283 43.8584 7.35675 1.0 5.68119e-006 1.28712e-005
-11.4283 43.8584 7.35675 -2.25403e-005 -0.769394 -0.638774
-8.27736 43.8584 7.35675 -0.000396292 -0.638756 0.769409
-8.27736 43.8584 7.35675 -0.000185961 -0.769401 -0.638766
-8.28198 43.8584 7.35675 -3.9081e-005 -0.769395 -0.638773
-8.27736 43.8187 7.51988 -1.0 2.80483e-006 2.12351e-006
-8.27736 43.8187 7.51988 0.0 0.638767 -0.7694
-11.4283 43.8187 7.51988 0.0 0.638767 -0.7694
-11.4283 43.8187 7.51988 1.0 0.0 1.62883e-007
-8.27736 43.9151 7.4038 -1.0 2.80484e-006 2.12353e-006
-8.27736 43.9151 7.4038 -0.00019796 -0.638767 0.7694
-11.4283 43.9151 7.4038 2.2652e-007 -0.638784 0.769386
-11.4283 43.9151 7.4038 1.0 2.81518e-006 6.51702e-006
-10.4759 42.7609 8.67866 4.00199e-007 0.63877 -0.769398
-10.4759 42.7609 8.67866 0.0 -0.769399 -0.638768
-11.4283 42.7609 8.67866 1.0 -1.33145e-006 -1.01959e-006
-11.4283 42.7609 8.67866 0.0 -0.769399 -0.638768
-11.4283 43.6786 7.57334 -4.00199e-007 -0.638765 0.769402
-11.4283 43.6786 7.57334 -7.4658e-005 -0.769394 -0.638774
-10.4759 43.6786 7.57334 0.0 -0.638767 0.7694
-10.4759 43.6786 7.57334 0.0 -0.769394 -0.638774
-9.3806 42.7609 8.67866 4.00199e-007 0.638765 -0.769402
-9.3806 42.7609 8.67866 0.0 -0.769399 -0.638768
-10.333 42.7609 8.67866 1.0 -1.02595e-006 -7.0632e-007
-10.333 42.7609 8.67866 0.0 -0.769399 -0.638768
-10.333 43.6786 7.57334 -8.81447e-007 -0.638767 0.7694
-10.333 43.6786 7.57334 0.0 -0.769392 -0.638776
-9.3806 43.6786 7.57334 0.0 -0.638773 0.769395
-9.3806 43.6786 7.57334 0.0 -0.769394 -0.638774
-8.28502 42.7609 8.67866 -1.0 -2.42254e-007 1.90137e-007
-8.28502 42.7609 8.67866 8.81453e-007 0.638762 -0.769404
-9.23744 42.7609 8.67866 1.0 -3.38567e-007 0.0
-9.23744 42.7609 8.67866 0.0 -0.769399 -0.638768
-9.23744 43.6786 7.57334 0.0 -0.638773 0.769395
-9.23744 43.6786 7.57334 0.0 -0.769392 -0.638776
-8.28502 43.6786 7.57334 -1.0 -2.42258e-007 1.90134e-007
-8.28502 43.6786 7.57334 0.0 -0.638773 0.769395
-10.4759 42.8775 8.77541 -1.0 0.0 -1.98184e-007
-10.4759 42.8775 8.77541 0.0 0.638767 -0.7694
-11.4283 42.8775 8.77541 4.00199e-007 0.63877 -0.769398
-11.4283 42.8775 8.77541 1.0 0.0 2.33486e-007
-10.4759 43.7951 7.6701 -1.0 4.44249e-007 0.0
-10.4759 43.7951 7.6701 -4.00199e-007 -0.638765 0.769402
-11.4283 43.7951 7.67009 1.0 -1.33145e-006 -1.01959e-006
-11.4283 43.7951 7.67009 -8.81454e-007 -0.638762 0.769404
-9.3806 42.8775 8.77541 -1.0 -6.95182e-007 -7.97134e-007
-9.3806 42.8775 8.77541 0.0 0.638762 -0.769404
-10.333 42.8775 8.77541 4.00199e-007 0.638765 -0.769402
-10.333 42.8775 8.77541 1.0 0.0 2.33486e-007
-9.3806 43.7951 7.6701 -1.0 0.0 -3.7247e-007
-9.3806 43.7951 7.6701 -8.81447e-007 -0.638767 0.7694
-10.333 43.7951 7.67009 1.0 -1.02595e-006 -7.0632e-007
-10.333 43.7951 7.67009 -1.84395e-006 -0.638762 0.769404
-8.28502 42.8775 8.77541 -1.0 -2.42258e-007 1.90134e-007
-8.28502 42.8775 8.77541 0.0 0.638757 -0.769409
-9.23744 42.8775 8.77541 8.81453e-007 0.638762 -0.769404
-9.23744 42.8775 8.77541 1.0 0.0 2.33487e-007
-8.28502 43.7951 7.6701 -1.0 -2.42262e-007 1.90131e-007
-8.28502 43.7951 7.6701 0.0 -0.638773 0.769395
-9.23744 43.7951 7.6701 1.0 -3.38567e-007 0.0
-9.23744 43.7951 7.6701 0.0 -0.638773 0.769395
-11.4283 42.58 8.89666 0.0 0.638745 -0.769418
-11.4283 42.58 8.89666 0.0 -0.769399 -0.638768
-11.4283 42.6763 8.78058 -2.10168e-007 -0.638756 0.769409
-11.4283 42.6763 8.78058 0.0 -0.769399 -0.638768
-8.28052 42.6763 8.78059 9.64354e-005 -0.63876 0.769406
-8.27736 42.6763 8.78059 -1.0 0.0 -1.62883e-007
-8.27736 42.6763 8.78059 0.000289726 -0.638767 0.7694
-8.27736 42.58 8.89666 -1.0 0.0 -1.62883e-007
-8.27736 42.58 8.89666 0.0 0.638751 -0.769414
-8.27736 42.6168 8.85223 -1.0 0.0 -1.62883e-007
-8.27736 42.6366 8.94372 -1.0 0.0 -1.62883e-007
-8.27736 42.6366 8.94372 2.09872e-007 0.638756 -0.769409
-11.4283 42.6366 8.94372 1.0 1.32613e-006 1.30606e-006
-11.4283 42.6366 8.94372 0.0 0.638751 -0.769414
-8.27736 42.733 8.82764 -1.0 0.0 -1.62883e-007
-8.27736 42.733 8.82764 0.000144758 -0.638762 0.769405
-11.4283 42.733 8.82764 1.0 1.73552e-006 2.21377e-006
-11.4283 42.733 8.82764 -2.10014e-007 -0.638756 0.769409
-10.4759 41.5919 10.0868 4.00195e-007 0.63877 -0.769398
-10.4759 41.5919 10.0868 2.13074e-007 -0.769397 -0.638771
-11.4283 41.5919 10.0868 1.0 -1.57838e-006 -1.40349e-006
-11.4283 41.5919 10.0868 2.93284e-007 -0.769399 -0.638768
-11.4283 42.5096 8.98146 1.0 -3.71696e-006 -3.59641e-006
-11.4283 42.5096 8.98146 0.0 -0.638767 0.7694
-10.4759 42.5096 8.98146 -1.0 -2.25384e-007 -5.11459e-007
-10.4759 42.5096 8.98146 0.0 -0.638767 0.7694
-9.3806 41.5919 10.0868 0.0 0.638767 -0.7694
-9.3806 41.5919 10.0868 0.0 -0.769396 -0.638772
-10.333 41.5919 10.0868 1.0 -8.73215e-007 -5.497e-007
-10.333 41.5919 10.0868 1.57622e-006 -0.769397 -0.638771
-10.333 42.5096 8.98146 0.0 -0.638762 0.769404
-10.333 42.5096 8.98146 4.24887e-006 -0.769433 -0.638728
-9.3806 42.5096 8.98146 0.0 -0.638762 0.769404
-9.3806 42.5096 8.98146 0.0 -0.769402 -0.638765
-8.28502 41.5919 10.0868 4.00198e-007 0.638765 -0.769402
-8.28502 41.5919 10.0868 -3.5673e-005 -0.769396 -0.638772
-9.23744 41.5919 10.0868 1.0 -2.6219e-007 0.0
-9.23744 41.5919 10.0868 0.0 -0.769397 -0.638771
-9.23744 42.5096 8.98146 0.0 -0.638762 0.769404
-9.23744 42.5096 8.98146 0.0 -0.769403 -0.638763
-8.28502 42.5096 8.98146 0.0 -0.638762 0.769404
-8.28502 42.5096 8.98146 -6.76342e-005 -0.769401 -0.638766
-10.4759 41.7084 10.1835 -1.0 -2.25384e-007 -5.11459e-007
-10.4759 41.7084 10.1835 0.0 0.638767 -0.7694
-11.4283 41.7084 10.1835 4.00195e-007 0.63877 -0.769398
-11.4283 41.7084 10.1835 1.0 5.60199e-007 7.89428e-007
-10.4759 42.6261 9.07821 -1.0 1.38743e-007 -2.68787e-007
-10.4759 42.6261 9.07821 0.0 -0.638767 0.7694
-11.4283 42.6261 9.07821 1.0 -1.57838e-006 -1.40349e-006
-11.4283 42.6261 9.07821 0.0 -0.638767 0.7694
-9.3806 41.7084 10.1835 -1.0 1.1996e-006 1.17847e-006
-9.3806 41.7084 10.1835 -1.04357e-006 0.638762 -0.769404
-10.333 41.7084 10.1835 0.0 0.638767 -0.7694
-10.333 41.7084 10.1835 1.0 0.0 2.33486e-007
-9.3806 42.6261 9.07821 -1.0 -6.21038e-007 0.0
-9.3806 42.6261 9.07821 0.0 -0.638762 0.769404
-10.333 42.6261 9.07821 1.0 -8.73215e-007 -5.497e-007
-10.333 42.6261 9.07821 0.0 -0.638762 0.769404
-8.28502 41.7084 10.1835 -1.0 5.44617e-007 6.04876e-007
-8.28502 41.7084 10.1835 0.0 0.638762 -0.769404
-9.23744 41.7084 10.1835 4.00198e-007 0.638765 -0.769402
-9.23744 41.7084 10.1835 1.0 0.0 2.33486e-007
-8.28502 42.6261 9.07821 -1.0 -1.64014e-006 -8.51149e-007
-8.28502 42.6261 9.07821 0.0 -0.638762 0.769404
-9.23744 42.6261 9.07821 1.0 -2.6219e-007 0.0
-9.23744 42.6261 9.07821 0.0 -0.638762 0.769404
-8.27735 41.4109 10.3048 -1.0 0.0 -1.62883e-007
-8.27735 41.4109 10.3048 0.0 0.638773 -0.769395
-11.4283 41.4109 10.3048 5.00818e-007 0.638789 -0.769382
-11.4283 41.4109 10.3048 1.37844e-005 -0.769397 -0.638771
-11.4283 41.5073 10.1887 -2.09872e-007 -0.638767 0.7694
-11.4283 41.5073 10.1887 4.64671e-005 -0.7694 -0.638767
-8.27735 41.5073 10.1887 -1.0 0.0 -1.62883e-007
-8.27735 41.5073 10.1887 0.0 -0.638762 0.769405
-8.27735 41.4676 10.3518 -1.0 0.0 -1.62883e-007
-8.27735 41.4676 10.3518 -3.71986e-007 0.638756 -0.769409
-11.4283 41.4676 10.3518 1.0 2.70321e-006 2.44933e-006
-11.4283 41.4676 10.3518 0.0 0.638773 -0.769395
-8.27735 41.564 10.2358 -1.0 0.0 -1.62883e-007
-8.27735 41.564 10.2358 0.0 -0.638756 0.769409
-11.4283 41.564 10.2358 1.0 2.29378e-006 1.54158e-006
-11.4283 41.564 10.2358 0.0 -0.638762 0.769405
-10.4759 40.3893 11.5354 -1.0 0.0 -2.33485e-007
-10.4759 40.3893 11.5354 -5.62312e-007 0.63877 -0.769398
-11.4283 40.3893 11.5354 -1.04357e-006 0.638767 -0.7694
-11.4283 40.3893 11.5354 1.0 0.0 2.33486e-007
-11.4283 41.3069 10.4301 1.0 0.0 2.33486e-007
-11.4283 41.3069 10.4301 5.62312e-007 -0.63877 0.769398
-10.4759 41.3069 10.4301 -1.0 0.0 -2.33485e-007
-10.4759 41.3069 10.4301 1.04357e-006 -0.638773 0.769395
-9.3806 40.3893 11.5354 -1.0 0.0 -2.33486e-007
-9.3806 40.3893 11.5354 4.00199e-007 0.63877 -0.769398
-10.333 40.3893 11.5354 8.81454e-007 0.638773 -0.769395
-10.333 40.3893 11.5354 1.0 0.0 3.90123e-007
-10.333 41.3069 10.4301 1.0 1.96077e-007 5.46761e-007
-10.333 41.3069 10.4301 0.0 -0.638762 0.769404
-9.3806 41.3069 10.4301 -1.0 0.0 -2.33486e-007
-9.3806 41.3069 10.4301 0.0 -0.638762 0.769404
-8.28502 40.3893 11.5354 -1.0 -3.00875e-007 2.60736e-007
-8.28502 40.3893 11.5354 -5.62315e-007 0.638765 -0.769402
-9.23744 40.3893 11.5354 -1.04357e-006 0.638762 -0.769404
-9.23744 40.3893 11.5354 1.0 0.0 2.33486e-007
-9.23744 41.3069 10.4301 1.0 0.0 2.33486e-007
-9.23744 41.3069 10.4301 0.0 -0.638767 0.7694
-8.28502 41.3069 10.4301 -1.0 -3.00875e-007 2.60736e-007
-8.28502 41.3069 10.4301 0.0 -0.638767 0.7694
-10.4759 40.5058 11.6321 -1.0 0.0 -2.33485e-007
-10.4759 40.5058 11.6321 0.0 0.638773 -0.769395
-11.4283 40.5058 11.6321 -5.62312e-007 0.63877 -0.769398
-11.4283 40.5058 11.6321 1.0 0.0 2.33486e-007
-10.4759 41.4235 10.5268 -1.0 0.0 -2.33485e-007
-10.4759 41.4235 10.5268 5.62312e-007 -0.63877 0.769398
-11.4283 41.4235 10.5268 1.0 0.0 2.33486e-007
-11.4283 41.4235 10.5268 0.0 -0.638767 0.7694
-9.3806 40.5058 11.6321 -1.0 0.0 -2.33486e-007
-9.3806 40.5058 11.6321 0.0 0.638767 -0.7694
-10.333 40.5058 11.6321 4.00199e-007 0.63877 -0.769398
-10.333 40.5058 11.6321 1.0 0.0 2.33485e-007
-9.3806 41.4235 10.5268 -1.0 0.0 -2.33486e-007
-9.3806 41.4235 10.5268 0.0 -0.638762 0.769404
-10.333 41.4235 10.5268 1.0 0.0 3.90123e-007
-10.333 41.4235 10.5268 0.0 -0.638762 0.769404
-8.28502 40.5058 11.6321 -1.0 -3.00875e-007 2.60736e-007
-8.28502 40.5058 11.6321 0.0 0.638767 -0.7694
