MSHX1
GROUPS 36
LABEL Tube01
MATERIAL 1
TEXTURE 0
GEOM 265 288 ; Tube01
0.393561 1.99062 -0.426898 0.976344 0 -0.216225 0 0
0.393561 1.99062 -0.426898 0.231398 -0.970115 -0.0730164 0 0
0.353761 1.99062 -0.416234 -0.297663 0.952392 0.0659207 0 0
0.353761 1.99062 -0.416234 -0.953651 0 0.300914 0 0
0.352941 1.99062 -0.524963 0.887113 0 -0.461553 0 0
0.352941 1.99062 -0.524963 0.204615 -0.970115 -0.130419 0 0
0.317258 1.99062 -0.504362 -0.27046 0.952392 0.140714 0 0
0.317258 1.99062 -0.504362 -0.843274 0 0.537484 0 0
0.288324 1.99062 -0.609173 0.737427 0 -0.675427 0 0
0.288324 1.99062 -0.609173 0.163889 -0.970115 -0.178933 0 0
0.25919 1.99062 -0.580038 -0.224824 0.952392 0.205922 0 0
0.25919 1.99062 -0.580038 -0.675422 0 0.737431 0 0
0.204115 1.63566 -0.673789 0.461554 0 -0.887112 0 0
0.204115 1.99062 -0.673789 0.53749 0 -0.84327 0 0
0.204115 1.99062 -0.673789 0.111993 -0.970115 -0.215253 0 0
0.183513 1.99062 -0.638106 -0.163867 0.952392 0.257093 0 0
0.183513 1.99062 -0.638106 -0.461553 0 0.887113 0 0
0.183513 1.63566 -0.638106 -0.537485 0 0.843274 0 0
0.106051 1.99062 -0.714409 0.300922 0 -0.953649 0 0
0.106051 1.99062 -0.714409 0.0524657 -0.970115 -0.236905 0 0
-0.181885 1.63566 -0.638107 0 -1 0 0 0
0.317258 1.99062 -0.138963 -0.257094 0.952392 -0.163866 0 0
0.317258 1.99062 -0.138963 -0.887115 0 -0.461548 0 0
0.393561 1.99062 -0.216426 0.953649 0 0.300923 0 0
0.393561 1.99062 -0.216426 0.236905 -0.970115 0.0524658 0 0
0.509641 2.04223 -0.185323 0 1 0 0 0
0.353761 1.99062 -0.22709 -0.290745 0.952392 -0.0917428 0 0
0.353761 1.99062 -0.22709 -0.976344 0 -0.216223 0 0
0.407416 1.99062 -0.321662 0.999038 0 0.0438432 0 0
0.407416 1.99062 -0.321662 0.242412 -0.970115 -0.0106378 0 0
0.366212 1.99062 -0.321662 -0.304582 0.952392 -0.0133668 0 0
0.366212 1.99062 -0.321662 -0.999038 0 0.0438433 0 0
0.0953863 1.99062 -0.67461 -0.0917425 0.952392 0.290744 0 0
0.0953863 1.99062 -0.67461 -0.21622 0 0.976345 0 0
-0.391932 1.99062 -0.216426 -0.231398 -0.970115 0.0730168 0 0
-0.391932 1.99062 -0.216426 -0.976343 0 0.216226 0 0
-0.591434 2.04223 -0.16297 0 1 0 0 0
-0.591434 2.04223 -0.16297 -0.236905 -0.970115 0.0524654 0 0
-0.508011 2.04223 -0.185323 0.147082 0.988035 -0.0464107 0 0
-0.352132 1.99062 -0.22709 0.95365 0 -0.300917 0 0
-0.352132 1.99062 -0.22709 0.297664 0.952392 -0.0659213 0 0
-0.352132 1.63566 -0.22709 0.976344 0 -0.216223 0 0
-0.352132 1.63566 -0.22709 0 -1 0 0 0
-0.351312 1.63566 -0.118362 0 -1 0 0 0
-0.351312 1.63566 -0.118362 -0.843269 0 0.537492 0 0
-0.351312 1.99062 -0.118362 -0.204614 -0.970115 0.130419 0 0
-0.351312 1.99062 -0.118362 -0.887111 0 0.461556 0 0
-0.530181 2.04223 -0.0150922 0 1 0 0 0
-0.530181 2.04223 -0.0150922 -0.215253 -0.970115 0.111993 0 0
-0.455386 2.04223 -0.0582748 0.130058 0.988035 -0.0828967 0 0
-0.315629 1.99062 -0.138963 0.843273 0 -0.537486 0 0
-0.315629 1.99062 -0.138963 0.27046 0.952392 -0.140715 0 0
-0.315629 1.63566 -0.138963 0.887115 0 -0.461548 0 0
-0.315629 1.63566 -0.138963 0 -1 0 0 0
-0.286695 1.63566 -0.0341525 0 -1 0 0 0
-0.286695 1.63566 -0.0341525 -0.675429 0 0.737425 0 0
-0.286695 1.99062 -0.0341525 -0.163889 -0.970115 0.178932 0 0
-0.286695 1.99062 -0.0341525 -0.737427 0 0.675427 0 0
-0.432741 2.04223 0.111893 0 1 0 0 0
-0.432741 2.04223 0.111893 -0.178932 -0.970115 0.163889 0 0
-0.371672 2.04223 0.0508243 0.104171 0.988035 -0.113734 0 0
-0.257561 1.99062 -0.0632872 0.675427 0 -0.737427 0 0
-0.257561 1.99062 -0.0632872 0.224825 0.952392 -0.205921 0 0
-0.202486 1.99062 0.0304645 -0.111993 -0.970115 0.215253 0 0
-0.202486 1.99062 0.0304645 -0.537493 0 0.843269 0 0
-0.181885 1.99062 -0.00521877 0.461549 0 -0.887115 0 0
-0.181885 1.99062 -0.00521877 0.163867 0.952392 -0.257094 0 0
-0.104422 1.99062 0.071084 -0.0524651 -0.970115 0.236905 0 0
-0.104422 1.99062 0.071084 -0.300919 0 0.95365 0 0
-0.0937575 1.99062 0.0312844 0.216223 0 -0.976344 0 0
-0.0937575 1.99062 0.0312844 0.0917429 0.952392 -0.290746 0 0
0.000814468 1.99062 0.0849387 0.0106379 -0.970115 0.242411 0 0
0.000814468 1.99062 0.0849387 -0.0438422 0 0.999038 0 0
0.000814468 1.99062 0.0437354 0.0133668 0.952392 -0.304583 0 0
0.000814468 1.99062 0.0437354 -0.0438434 0 -0.999038 0 0
0.106051 1.99062 0.071084 0.216223 0 0.976344 0 0
0.106051 1.99062 0.071084 0.0730162 -0.970115 0.231398 0 0
0.0953863 1.99062 0.0312844 -0.0659217 0.952392 -0.297664 0 0
0.0953863 1.99062 0.0312844 -0.300919 0 -0.95365 0 0
0.204115 1.99062 0.0304645 0.461552 0 0.887113 0 0
0.204115 1.99062 0.0304645 0.130419 -0.970115 0.204615 0 0
0.183513 1.99062 -0.00521877 -0.140715 0.952392 -0.27046 0 0
0.183513 1.99062 -0.00521877 -0.537485 0 -0.843274 0 0
0.288325 1.99062 -0.0341525 0.675428 0 0.737426 0 0
0.288325 1.99062 -0.0341525 0.178933 -0.970115 0.163889 0 0
0.25919 1.99062 -0.0632872 -0.20592 0.952392 -0.224825 0 0
0.25919 1.99062 -0.0632872 -0.737427 0 -0.675427 0 0
0.352941 1.99062 -0.118362 0.843271 0 0.537488 0 0
0.352941 1.99062 -0.118362 0.215253 -0.970115 0.111993 0 0
0.000814468 1.63566 -0.728264 0 -1 0 0 0
0.000814468 1.63566 -0.728264 -0.043843 0 -0.999038 0 0
0.000814468 1.99062 -0.728264 0.043843 0 -0.999039 0 0
0.000814468 1.99062 -0.728264 -0.0106379 -0.970115 -0.242412 0 0
0.000814471 2.04223 -0.934803 0.0106383 -0.970115 -0.242412 0 0
0.000814471 2.04223 -0.934803 0 1 0 0 0
0.000814471 2.04223 -0.848438 0.0067614 0.988035 0.154082 0 0
0.000814468 1.99062 -0.68706 0.0438396 0 0.999039 0 0
0.000814468 1.99062 -0.68706 -0.0133661 0.952392 0.304582 0 0
0.000814468 1.63566 -0.68706 0 -1 0 0 0
0.000814468 1.63566 -0.68706 -0.0438398 0 0.999039 0 0
-0.104422 1.63566 -0.714409 0 -1 0 0 0
-0.104422 1.63566 -0.714409 -0.300922 0 -0.953649 0 0
-0.104422 1.99062 -0.714409 -0.0730167 -0.970115 -0.231398 0 0
-0.104422 1.99062 -0.714409 -0.216226 0 -0.976343 0 0
-0.157878 2.04223 -0.913911 0 1 0 0 0
-0.157878 2.04223 -0.913911 -0.0524653 -0.970115 -0.236905 0 0
-0.135525 2.04223 -0.830489 0.0464103 0.988035 0.147082 0 0
-0.0937575 1.99062 -0.67461 0.300916 8.85847e-007 0.953651 0 0
-0.0937575 1.99062 -0.67461 0.0659193 0.952392 0.297664 0 0
-0.0937575 1.63566 -0.67461 0.216219 0 0.976345 0 0
-0.0937575 1.63566 -0.67461 0 -1 0 0 0
-0.202486 1.63566 -0.673789 0 -1 0 0 0
-0.202486 1.63566 -0.673789 -0.53749 0 -0.84327 0 0
-0.202486 1.99062 -0.673789 -0.130419 -0.970115 -0.204615 0 0
-0.202486 1.99062 -0.673789 -0.461554 0 -0.887112 0 0
-0.305756 2.04223 -0.852658 0 1 0 0 0
-0.305756 2.04223 -0.852658 -0.111993 -0.970115 -0.215253 0 0
-0.262573 2.04223 -0.777864 0.0828974 0.988035 0.130058 0 0
-0.181885 1.99062 -0.638107 0.537487 1.64654e-006 0.843272 0 0
-0.181885 1.99062 -0.638107 0.140716 0.952392 0.27046 0 0
-0.181885 1.63566 -0.638106 0.46155 1.64654e-006 0.887114 0 0
-0.286695 1.63566 -0.609173 0 -1 0 0 0
-0.286695 1.63566 -0.609173 -0.737427 0 -0.675427 0 0
-0.286695 1.99062 -0.609173 -0.178932 -0.970115 -0.163889 0 0
-0.286695 1.99062 -0.609173 -0.675426 0 -0.737428 0 0
-0.432741 2.04223 -0.755218 0 1 0 0 0
-0.432741 2.04223 -0.755218 -0.163888 -0.970115 -0.178933 0 0
-0.371672 2.04223 -0.694149 0.113734 0.988035 0.104171 0 0
-0.257561 1.99062 -0.580038 0.73743 0 0.675423 0 0
-0.257561 1.99062 -0.580038 0.205922 0.952392 0.224824 0 0
-0.257561 1.63566 -0.580038 0.675427 7.60693e-007 0.737426 0 0
-0.257561 1.63566 -0.580038 0 -1 0 0 0
-0.351312 1.63566 -0.524963 0 -1 0 0 0
-0.351312 1.63566 -0.524963 -0.887113 0 -0.461553 0 0
-0.351312 1.99062 -0.524963 -0.215253 -0.970115 -0.111993 0 0
-0.351312 1.99062 -0.524963 -0.84327 0 -0.53749 0 0
-0.530181 2.04223 -0.628233 0 1 0 0 0
-0.530181 2.04223 -0.628233 -0.204615 -0.970115 -0.130419 0 0
-0.455386 2.04223 -0.58505 0.13682 0.988035 0.0711847 0 0
-0.315629 1.99062 -0.504362 0.887116 0 0.461546 0 0
-0.315629 1.99062 -0.504362 0.257095 0.952392 0.163866 0 0
-0.315629 1.63566 -0.504362 0.843274 0 0.537484 0 0
-0.315629 1.63566 -0.504362 0 -1 0 0 0
-0.391932 1.63566 -0.426898 0 -1 0 0 0
-0.391932 1.63566 -0.426898 -0.976344 0 -0.216225 0 0
-0.391932 1.99062 -0.426898 -0.236905 -0.970115 -0.0524654 0 0
-0.391932 1.99062 -0.426898 -0.953649 0 -0.30092 0 0
-0.591434 2.04223 -0.480355 0 1 0 0 0
-0.591434 2.04223 -0.480355 -0.231398 -0.970115 -0.073016 0 0
-0.508011 2.04223 -0.458002 0.150581 0.988035 0.0333483 0 0
-0.352132 1.99062 -0.416234 0.976344 0 0.216222 0 0
-0.352132 1.99062 -0.416234 0.290745 0.952392 0.0917423 0 0
-0.352132 1.63566 -0.416234 0.953651 0 0.300914 0 0
-0.352132 1.63566 -0.416234 0 -1 0 0 0
-0.405787 1.63566 -0.321662 0 -1 0 0 0
-0.405787 1.63566 -0.321662 -0.999038 0 0.0438432 0 0
-0.405787 1.99062 -0.321662 -0.242412 -0.970115 0.0106379 0 0
-0.405787 1.99062 -0.321662 -0.999038 0 -0.0438432 0 0
-0.612326 2.04223 -0.321662 0 1 0 0 0
-0.612326 2.04223 -0.321662 -0.242412 -0.970115 -0.0106383 0 0
-0.525961 2.04223 -0.321662 0.154082 0.988035 -0.00676198 0 0
-0.364583 1.99062 -0.321662 0.999038 0 -0.0438432 0 0
-0.364583 1.99062 -0.321662 0.304582 0.952392 0.0133667 0 0
-0.364583 1.63566 -0.321662 0.999038 0 0.0438432 0 0
-0.364583 1.63566 -0.321662 0 -1 0 0 0
-0.391932 1.63566 -0.216426 0 -1 0 0 0
-0.391932 1.63566 -0.216426 -0.953649 0 0.300923 0 0
-0.257561 1.63566 -0.0632872 0.737428 0 -0.675425 0 0
-0.257561 1.63566 -0.0632872 0 -1 0 0 0
-0.202486 1.63566 0.0304645 0 -1 0 0 0
-0.202486 1.63566 0.0304645 -0.461554 0 0.887112 0 0
-0.305756 2.04223 0.209333 0 1 0 0 0
-0.305756 2.04223 0.209333 -0.130419 -0.970115 0.204615 0 0
-0.262573 2.04223 0.134538 0.0711849 0.988035 -0.13682 0 0
-0.181885 1.63566 -0.00521877 0.537487 0 -0.843272 0 0
-0.181885 1.63566 -0.00521877 0 -1 0 0 0
-0.104422 1.63566 0.071084 0 -1 0 0 0
-0.104422 1.63566 0.071084 -0.216223 0 0.976344 0 0
-0.157878 2.04223 0.270586 0 1 0 0 0
-0.157878 2.04223 0.270586 -0.0730161 -0.970115 0.231398 0 0
-0.135525 2.04223 0.187163 0.0333484 0.988035 -0.150582 0 0
-0.0937575 1.63566 0.0312844 0.300917 0 -0.95365 0 0
-0.0937575 1.63566 0.0312844 0 -1 0 0 0
0.000814468 1.63566 0.0849387 0.0438421 0 0.999038 0 0
0.000814468 1.63566 0.0849387 0 -1 0 0 0
0.000814471 2.04223 0.291478 0 1 0 0 0
0.000814471 2.04223 0.291478 -0.0106381 -0.970115 0.242412 0 0
0.000814471 2.04223 0.205113 -0.00676196 0.988035 -0.154082 0 0
0.000814468 1.63566 0.0437354 0.0438432 0 -0.999038 0 0
0.000814468 1.63566 0.0437354 0 -1 0 0 0
0.106051 1.63566 0.071084 0.300919 0 0.95365 0 0
0.106051 1.63566 0.071084 0 -1 0 0 0
0.159507 2.04223 0.270586 0.052465 -0.970115 0.236905 0 0
0.159507 2.04223 0.270586 0 1 0 0 0
0.137154 2.04223 0.187163 -0.0464109 0.988035 -0.147082 0 0
0.0953863 1.63566 0.0312844 0 -1 0 0 0
0.0953863 1.63566 0.0312844 -0.216224 0 -0.976344 0 0
0.204115 1.63566 0.0304645 0.537489 0 0.843271 0 0
0.204115 1.63566 0.0304645 0 -1 0 0 0
0.307385 2.04223 0.209333 0.111993 -0.970115 0.215253 0 0
0.307385 2.04223 0.209333 0 1 0 0 0
0.264202 2.04223 0.134538 -0.0828964 0.988035 -0.130058 0 0
0.183513 1.63566 -0.00521877 0 -1 0 0 0
0.183513 1.63566 -0.00521877 -0.461549 0 -0.887115 0 0
0.288325 1.63566 -0.0341525 0.737429 0 0.675424 0 0
0.288325 1.63566 -0.0341525 0 -1 0 0 0
0.43437 2.04223 0.111893 0.163889 -0.970115 0.178933 0 0
0.43437 2.04223 0.111893 0 1 0 0 0
0.373301 2.04223 0.0508243 -0.113734 0.988035 -0.104171 0 0
0.25919 1.63566 -0.0632872 0 -1 0 0 0
0.25919 1.63566 -0.0632872 -0.675424 0 -0.73743 0 0
0.352941 1.63566 -0.118362 0.887112 0 0.461553 0 0
0.352941 1.63566 -0.118362 0 -1 0 0 0
0.53181 2.04223 -0.0150922 0.204615 -0.970115 0.130419 0 0
0.53181 2.04223 -0.0150922 0 1 0 0 0
0.457015 2.04223 -0.0582748 -0.13682 0.988035 -0.0711848 0 0
0.317258 1.63566 -0.138963 0 -1 0 0 0
0.317258 1.63566 -0.138963 -0.843273 0 -0.537486 0 0
0.393561 1.63566 -0.216426 0.976343 0 0.216226 0 0
0.393561 1.63566 -0.216426 0 -1 0 0 0
0.593063 2.04223 -0.16297 0.231398 -0.970115 0.0730164 0 0
0.593063 2.04223 -0.16297 0 1 0 0 0
0.50964 2.04223 -0.185323 -0.297663 0.952392 -0.0659217 0 0
0.353761 1.63566 -0.22709 0 -1 0 0 0
0.353761 1.63566 -0.22709 -0.95365 0 -0.300917 0 0
0.407416 1.63566 -0.321662 0.999038 0 -0.0438432 0 0
0.407416 1.63566 -0.321662 0 -1 0 0 0
0.613955 2.04223 -0.321662 0.242412 -0.970115 0.0106384 0 0
0.613955 2.04223 -0.321662 0 1 0 0 0
0.52759 2.04223 -0.321662 -0.154082 0.988035 0.0067619 0 0
0.366212 1.63566 -0.321662 0 -1 0 0 0
0.366212 1.63566 -0.321662 -0.999038 0 -0.0438433 0 0
0.393561 1.63566 -0.426898 0.953649 0 -0.30092 0 0
0.393561 1.63566 -0.426898 0 -1 0 0 0
0.593063 2.04223 -0.480355 0.236905 -0.970115 -0.0524652 0 0
0.593063 2.04223 -0.480355 0 1 0 0 0
0.50964 2.04223 -0.458002 -0.147082 0.988035 0.0464103 0 0
0.353761 1.63566 -0.416234 0 -1 0 0 0
0.353761 1.63566 -0.416234 -0.976344 0 0.216222 0 0
0.352941 1.63566 -0.524963 0.84327 0 -0.53749 0 0
0.352941 1.63566 -0.524963 0 -1 0 0 0
0.53181 2.04223 -0.628233 0.215253 -0.970115 -0.111993 0 0
0.53181 2.04223 -0.628233 0 1 0 0 0
0.457015 2.04223 -0.585051 -0.130058 0.988035 0.0828967 0 0
0.317258 1.63566 -0.504362 0 -1 0 0 0
0.317258 1.63566 -0.504362 -0.887116 0 0.461546 0 0
0.288324 1.63566 -0.609173 0.675426 0 -0.737428 0 0
0.288324 1.63566 -0.609173 0 -1 0 0 0
0.43437 2.04223 -0.755218 0.178933 -0.970115 -0.163889 0 0
0.43437 2.04223 -0.755218 0 1 0 0 0
0.373301 2.04223 -0.694149 -0.104171 0.988035 0.113734 0 0
0.25919 1.63566 -0.580038 0 -1 0 0 0
0.25919 1.63566 -0.580038 -0.737427 0 0.675427 0 0
0.204114 1.63566 -0.673789 0 -1 0 0 0
0.307385 2.04223 -0.852658 0.130419 -0.970115 -0.204615 0 0
0.307385 2.04223 -0.852658 0 1 0 0 0
0.264202 2.04223 -0.777864 -0.0711853 0.988035 0.136819 0 0
0.183513 1.63566 -0.638107 0 -1 0 0 0
0.106051 1.63566 -0.714409 0.216226 0 -0.976343 0 0
0.106051 1.63566 -0.714409 0 -1 0 0 0
0.159507 2.04223 -0.913911 0.0730164 -0.970115 -0.231398 0 0
0.159507 2.04223 -0.913911 0 1 0 0 0
0.137154 2.04223 -0.830489 -0.0333475 0.988035 0.150582 0 0
0.0953863 1.63566 -0.67461 0 -1 0 0 0
0.0953863 1.63566 -0.67461 -0.300921 0 0.953649 0 0
90 101 103
90 103 91
92 102 105
92 105 93
94 104 106
94 106 95
95 106 108
95 108 97
96 107 109
96 109 99
98 110 100
98 100 89
101 112 114
101 114 103
102 113 116
102 116 105
104 115 117
104 117 106
106 117 119
106 119 108
107 118 120
107 120 109
110 20 111
110 111 100
112 122 124
112 124 114
113 123 126
113 126 116
115 125 127
115 127 117
117 127 129
117 129 119
118 128 130
118 130 120
20 131 121
20 121 111
122 133 135
122 135 124
123 134 137
123 137 126
125 136 138
125 138 127
127 138 140
127 140 129
128 139 141
128 141 130
131 142 132
131 132 121
133 144 146
133 146 135
134 145 148
134 148 137
136 147 149
136 149 138
138 149 151
138 151 140
139 150 152
139 152 141
142 153 143
142 143 132
144 155 157
144 157 146
145 156 159
145 159 148
147 158 160
147 160 149
149 160 162
149 162 151
150 161 163
150 163 152
153 164 154
153 154 143
155 166 35
155 35 157
156 34 37
156 37 159
158 36 38
158 38 160
160 38 40
160 40 162
161 39 41
161 41 163
164 42 165
164 165 154
166 44 46
166 46 35
34 45 48
34 48 37
36 47 49
36 49 38
38 49 51
38 51 40
39 50 52
39 52 41
42 53 43
42 43 165
44 55 57
44 57 46
45 56 59
45 59 48
47 58 60
47 60 49
49 60 62
49 62 51
50 61 167
50 167 52
53 168 54
53 54 43
55 170 64
55 64 57
56 63 172
56 172 59
58 171 173
58 173 60
60 173 66
60 66 62
61 65 174
61 174 167
168 175 169
168 169 54
170 177 68
170 68 64
63 67 179
63 179 172
171 178 180
171 180 173
173 180 70
173 70 66
65 69 181
65 181 174
175 182 176
175 176 169
177 183 72
177 72 68
67 71 186
67 186 179
178 185 187
178 187 180
180 187 73
180 73 70
69 74 188
69 188 181
182 189 184
182 184 176
183 190 75
183 75 72
71 76 192
71 192 186
185 193 194
185 194 187
187 194 77
187 77 73
74 78 196
74 196 188
189 195 191
189 191 184
190 197 79
190 79 75
76 80 199
76 199 192
193 200 201
193 201 194
194 201 81
194 81 77
78 82 203
78 203 196
195 202 198
195 198 191
197 204 83
197 83 79
80 84 206
80 206 199
200 207 208
200 208 201
201 208 85
201 85 81
82 86 210
82 210 203
202 209 205
202 205 198
204 211 87
204 87 83
84 88 213
84 213 206
207 214 215
207 215 208
208 215 21
208 21 85
86 22 217
86 217 210
209 216 212
209 212 205
211 218 23
211 23 87
88 24 220
88 220 213
214 221 25
214 25 215
215 222 26
215 26 21
22 27 224
22 224 217
216 223 219
216 219 212
218 225 28
218 28 23
24 29 227
24 227 220
221 228 229
221 229 25
222 229 30
222 30 26
27 31 231
27 231 224
223 230 226
223 226 219
225 232 0
225 0 28
29 1 234
29 234 227
228 235 236
228 236 229
229 236 2
229 2 30
31 3 238
31 238 231
230 237 233
230 233 226
232 239 4
232 4 0
1 5 241
1 241 234
235 242 243
235 243 236
236 243 6
236 6 2
3 7 245
3 245 238
237 244 240
237 240 233
239 246 8
239 8 4
5 9 248
5 248 241
242 249 250
242 250 243
243 250 10
243 10 6
7 11 252
7 252 245
244 251 247
244 247 240
246 12 13
246 13 8
9 14 254
9 254 248
249 255 256
249 256 250
250 256 15
250 15 10
11 16 17
11 17 252
251 257 253
251 253 247
12 258 18
12 18 13
14 19 260
14 260 254
255 261 262
255 262 256
256 262 32
256 32 15
16 33 264
16 264 17
257 263 259
257 259 253
258 90 91
258 91 18
19 92 93
19 93 260
261 94 95
261 95 262
262 95 97
262 97 32
33 96 99
33 99 264
263 98 89
263 89 259
LABEL Box65
MATERIAL 3
TEXTURE 0
GEOM 768 480 ; Box65
0.221263 2.24782 -0.915684 0.241911 0 -0.970299 0 0
-0.118683 2.26956 -0.907933 0.24191 2.28094e-005 0.970299 0 0
-0.432701 2.24782 0.0982156 0.669145 0 -0.743132 0 0
-0.432701 2.26956 0.0982156 0.669142 -3.70531e-006 -0.743135 0 0
-0.115729 2.29131 0.262802 0.24191 2.16176e-005 -0.970299 0 0
0.128454 2.24782 0.297269 0.241913 0 0.970298 0 0
0.128454 2.26956 0.297269 0.241922 2.49266e-005 0.970296 0 0
0.617728 2.24782 -0.164285 0.978151 0 0.207898 0 0
0.617728 2.26956 -0.164285 0.97815 1.65978e-005 0.207898 0 0
0.0866799 2.24782 -0.913775 0 -1 0 0 0
0.0866799 2.24782 -0.913775 -0.24193 0 0.970294 0 0
0.0866799 2.24782 -0.913775 -0.970294 0 -0.241927 0 0
0.13415 2.24782 -0.901939 0.970296 0 0.241921 0 0
0.13415 2.24782 -0.901939 0 -1 0 0 0
0.13415 2.24782 -0.901939 -0.24193 0 0.970294 0 0
0.0866799 2.26956 -0.913775 -0.241907 -4.44101e-007 0.970299 0 0
0.0866799 2.26956 -0.913775 -0.946876 0.218376 -0.236088 0 0
0.13415 2.26956 -0.901939 0.872869 0.436733 0.217633 0 0
0.13415 2.26956 -0.901939 -0.24193 1.68716e-005 0.970294 0 0
0.103473 2.29131 -0.909588 0 1 0 0 0
0.103473 2.29131 -0.909588 -0.241862 -5.1947e-005 0.970311 0 0
0.103473 2.29131 -0.909588 -0.759263 0.622645 -0.189296 0 0
0.117358 2.29131 -0.906127 0.759263 0.622639 0.189316 0 0
0.117358 2.29131 -0.906127 0 1 0 0 0
0.117358 2.29131 -0.906127 -0.241896 -6.66152e-007 0.970302 0 0
0.0948229 2.24782 -0.946434 0.241911 0 -0.970299 0 0
0.0948229 2.24782 -0.946434 0 -1 0 0 0
0.0948229 2.24782 -0.946434 -0.970294 0 -0.241927 0 0
0.142293 2.24782 -0.934599 0.970296 0 0.241921 0 0
0.142293 2.24782 -0.934599 0.241911 0 -0.970299 0 0
0.142293 2.24782 -0.934599 0 -1 0 0 0
0.0948229 2.26956 -0.946434 0.241932 -1.78759e-005 -0.970293 0 0
0.0948229 2.26956 -0.946434 -0.872867 0.436741 -0.217625 0 0
0.142293 2.26956 -0.934599 0.94688 0.218365 0.236082 0 0
0.142293 2.26956 -0.934599 0.241911 7.03804e-006 -0.970299 0 0
0.111615 2.29131 -0.942248 0.241975 -7.47419e-005 -0.970283 0 0
0.111615 2.29131 -0.942248 0 1 0 0 0
0.111615 2.29131 -0.942248 -0.759277 0.622631 -0.189285 0 0
0.125501 2.29131 -0.938785 0.759268 0.622634 0.189311 0 0
0.125501 2.29131 -0.938785 0.241943 -2.68139e-005 -0.970291 0 0
0.125501 2.29131 -0.938785 0 1 0 0 0
0.16565 2.24782 -0.89486 0 -1 0 0 0
0.16565 2.24782 -0.89486 -0.241931 0 0.970294 0 0
0.16565 2.24782 -0.89486 -0.970294 0 -0.241928 0 0
0.21312 2.24782 -0.883024 0.970295 5.63795e-006 0.241924 0 0
0.21312 2.24782 -0.883024 0 -1 0 0 0
0.21312 2.24782 -0.883024 -0.241931 0 0.970294 0 0
0.16565 2.26956 -0.89486 -0.241928 1.97923e-006 0.970294 0 0
0.16565 2.26956 -0.89486 -0.946876 0.218375 -0.236089 0 0
0.21312 2.26956 -0.883024 0.87287 0.436731 0.217632 0 0
0.21312 2.26956 -0.883024 -0.241931 2.56298e-006 0.970294 0 0
0.182443 2.29131 -0.890673 0 1 0 0 0
0.182443 2.29131 -0.890673 -0.241924 -1.75125e-006 0.970295 0 0
0.182443 2.29131 -0.890673 -0.759262 0.622645 -0.189299 0 0
0.196328 2.29131 -0.887211 0.759268 0.622634 0.189312 0 0
0.196328 2.29131 -0.887211 0 1 0 0 0
0.196328 2.29131 -0.887211 -0.241927 2.96885e-006 0.970294 0 0
0.173793 2.24782 -0.927519 0.241911 0 -0.970299 0 0
0.173793 2.24782 -0.927519 0 -1 0 0 0
0.173793 2.24782 -0.927519 -0.970294 0 -0.241928 0 0
0.221263 2.24782 -0.915683 0.970294 1.12759e-005 0.241928 0 0
0.221263 2.24782 -0.915683 0 -1 0 0 0
0.173793 2.26956 -0.927519 0.24191 1.59366e-005 -0.970299 0 0
0.173793 2.26956 -0.927519 -0.872866 0.436742 -0.217627 0 0
0.221263 2.26956 -0.915684 0.946879 0.218368 0.236085 0 0
0.221263 2.26956 -0.915684 0.241911 7.17484e-006 -0.970298 0 0
0.190585 2.29131 -0.923332 0.241908 2.62852e-005 -0.970299 0 0
0.190585 2.29131 -0.923332 0 1 0 0 0
0.190585 2.29131 -0.923332 -0.759273 0.622634 -0.18929 0 0
0.204471 2.29131 -0.91987 0.759271 0.622632 0.189309 0 0
0.204471 2.29131 -0.91987 0.241909 2.39049e-005 -0.970299 0 0
0.204471 2.29131 -0.91987 0 1 0 0 0
-0.197915 2.24782 -0.888012 0.250391 0 0.968145 0 0
-0.197915 2.24782 -0.888012 0 -1 0 0 0
-0.197915 2.24782 -0.888012 -0.968154 0 0.250357 0 0
-0.15055 2.24782 -0.900262 0.968144 0 -0.250392 0 0
-0.15055 2.24782 -0.900262 0.250391 0 0.968145 0 0
-0.15055 2.24782 -0.900262 0 -1 0 0 0
-0.197915 2.26956 -0.888012 0.250368 2.37347e-005 0.968151 0 0
-0.197915 2.26956 -0.888012 -0.944788 0.21837 0.244315 0 0
-0.15055 2.26956 -0.900262 0.870924 0.436756 -0.225248 0 0
-0.15055 2.26956 -0.900262 0.250391 -5.4528e-006 0.968145 0 0
-0.18116 2.29131 -0.892346 0.250322 8.75624e-005 0.968163 0 0
-0.18116 2.29131 -0.892346 0 1 0 0 0
-0.18116 2.29131 -0.892346 -0.75759 0.622636 0.195913 0 0
-0.167306 2.29131 -0.895928 0.757564 0.622663 -0.195929 0 0
-0.167306 2.29131 -0.895928 0.250357 3.5602e-005 0.968154 0 0
-0.167306 2.29131 -0.895928 0 1 0 0 0
-0.206342 2.24782 -0.9206 0 -1 0 0 0
-0.206342 2.24782 -0.9206 -0.250377 0 -0.968148 0 0
-0.206342 2.24782 -0.9206 -0.968154 0 0.250357 0 0
-0.158978 2.24782 -0.932849 0.968144 0 -0.250392 0 0
-0.158978 2.24782 -0.932849 0 -1 0 0 0
-0.158978 2.24782 -0.932849 -0.250377 0 -0.968148 0 0
-0.206342 2.26956 -0.9206 -0.250386 3.31516e-005 -0.968146 0 0
-0.206342 2.26956 -0.9206 -0.870941 0.436735 0.225223 0 0
-0.158978 2.26956 -0.932849 0.944778 0.218378 -0.244349 0 0
-0.158978 2.26956 -0.932849 -0.250377 9.4532e-006 -0.968148 0 0
-0.189587 2.29131 -0.924932 0 1 0 0 0
-0.189587 2.29131 -0.924932 -0.250405 7.10953e-005 -0.968141 0 0
-0.189587 2.29131 -0.924932 -0.757593 0.62263 0.19592 0 0
-0.175734 2.29131 -0.928515 0.757564 0.622663 -0.195929 0 0
-0.175734 2.29131 -0.928515 0 1 0 0 0
-0.175734 2.29131 -0.928515 -0.250391 4.97274e-005 -0.968145 0 0
-0.118683 2.24782 -0.907933 0.241928 0 0.970294 0 0
-0.118683 2.24782 -0.907933 0 -1 0 0 0
-0.118683 2.24782 -0.907933 -0.970303 4.48919e-005 0.241892 0 0
-0.0712126 2.24782 -0.919769 0.970295 0 -0.241925 0 0
-0.0712126 2.24782 -0.919769 0.241928 0 0.970294 0 0
-0.0712126 2.24782 -0.919769 0 -1 0 0 0
-0.118682 2.26956 -0.907933 -0.946877 0.218392 0.236071 0 0
-0.0712126 2.26956 -0.919769 0.872867 0.436736 -0.217633 0 0
-0.0712126 2.26956 -0.919769 0.241928 -1.77199e-006 0.970294 0 0
-0.101889 2.29131 -0.912121 0.241875 7.37441e-005 0.970307 0 0
-0.101889 2.29131 -0.912121 0 1 0 0 0
-0.101889 2.29131 -0.912121 -0.759256 0.622648 0.189317 0 0
-0.0880048 2.29131 -0.915582 0.759266 0.622638 -0.189307 0 0
-0.0880048 2.29131 -0.915582 0.241901 3.42141e-005 0.970301 0 0
-0.0880048 2.29131 -0.915582 0 1 0 0 0
-0.126825 2.24782 -0.940593 0 -1 0 0 0
-0.126825 2.24782 -0.940593 -0.241912 0 -0.970298 0 0
-0.126825 2.24782 -0.940593 -0.9703 2.24459e-005 0.241907 0 0
-0.0793555 2.24782 -0.952428 0.970295 0 -0.241925 0 0
-0.0793555 2.24782 -0.952428 0 -1 0 0 0
-0.0793555 2.24782 -0.952428 -0.241912 0 -0.970298 0 0
-0.126825 2.26956 -0.940593 -0.241917 -1.25944e-005 -0.970297 0 0
-0.126825 2.26956 -0.940593 -0.872862 0.436744 0.217638 0 0
-0.0793555 2.26956 -0.952428 0.946878 0.218368 -0.236086 0 0
-0.0793555 2.26956 -0.952428 -0.241912 -9.89395e-006 -0.970298 0 0
-0.110033 2.29131 -0.94478 0 1 0 0 0
-0.110033 2.29131 -0.94478 -0.241927 -8.1012e-006 -0.970295 0 0
-0.110033 2.29131 -0.94478 -0.759263 0.622634 0.189333 0 0
-0.0961479 2.29131 -0.948242 0.759266 0.622638 -0.189308 0 0
-0.0961479 2.29131 -0.948242 0 1 0 0 0
-0.0961479 2.29131 -0.948242 -0.24192 -1.88915e-005 -0.970296 0 0
-0.463388 2.24782 -0.701747 0.707096 0 0.707117 0 0
-0.463388 2.24782 -0.701747 0 -1 0 0 0
-0.463388 2.24782 -0.701747 -0.707107 0 0.707107 0 0
-0.428794 2.24782 -0.73634 0.707122 0 -0.707092 0 0
-0.428794 2.24782 -0.73634 0.707096 0 0.707117 0 0
-0.428794 2.24782 -0.73634 0 -1 0 0 0
-0.463388 2.26956 -0.701747 0.7071 -1.41516e-005 0.707114 0 0
-0.463388 2.26956 -0.701747 -0.690042 0.218369 0.690042 0 0
-0.428794 2.26956 -0.73634 0.707096 -3.88432e-006 0.707117 0 0
-0.428794 2.26956 -0.73634 0.63611 0.436739 -0.6361 0 0
-0.45115 2.29131 -0.713984 0.707106 -3.08018e-005 0.707108 0 0
-0.45115 2.29131 -0.713984 0 1 0 0 0
-0.45115 2.29131 -0.713984 -0.553316 0.622641 0.553317 0 0
-0.441031 2.29131 -0.724103 0.707101 -2.12274e-005 0.707112 0 0
-0.441031 2.29131 -0.724103 0.553314 0.622626 -0.553337 0 0
-0.441031 2.29131 -0.724103 0 1 0 0 0
-0.487188 2.24782 -0.725547 0 -1 0 0 0
-0.487188 2.24782 -0.725547 -0.707107 0 -0.707107 0 0
-0.487188 2.24782 -0.725547 -0.707107 0 0.707107 0 0
-0.452594 2.24782 -0.760141 0.707122 0 -0.707092 0 0
-0.452594 2.24782 -0.760141 0 -1 0 0 0
-0.452594 2.24782 -0.760141 -0.707107 0 -0.707107 0 0
-0.487188 2.26956 -0.725547 -0.636105 0.436738 0.636105 0 0
-0.487188 2.26956 -0.725547 -0.707095 -2.29017e-005 -0.707118 0 0
-0.452594 2.26956 -0.760141 0.690055 0.218376 -0.690026 0 0
-0.452594 2.26956 -0.760141 -0.707107 3.22965e-007 -0.707107 0 0
-0.474951 2.29131 -0.737785 0 1 0 0 0
-0.474951 2.29131 -0.737785 -0.553316 0.622641 0.553317 0 0
-0.474951 2.29131 -0.737785 -0.707072 -6.96739e-005 -0.707141 0 0
-0.464832 2.29131 -0.747903 0.553316 0.622641 -0.553316 0 0
-0.464832 2.29131 -0.747903 0 1 0 0 0
-0.464832 2.29131 -0.747903 -0.70709 -3.43525e-005 -0.707124 0 0
-0.405429 2.24782 -0.757986 0.694664 0 0.719335 0 0
-0.405429 2.24782 -0.757986 0 -1 0 0 0
-0.405429 2.24782 -0.757986 -0.719344 0 0.694654 0 0
-0.370237 2.24782 -0.791971 0.719343 0 -0.694655 0 0
-0.370237 2.24782 -0.791971 0.694664 0 0.719335 0 0
-0.370237 2.24782 -0.791971 0 -1 0 0 0
-0.405429 2.26956 -0.757986 0.694676 -2.4097e-005 0.719323 0 0
-0.405429 2.26956 -0.757986 -0.701982 0.218374 0.677889 0 0
-0.370237 2.26956 -0.791971 0.694664 1.08454e-007 0.719335 0 0
-0.370237 2.26956 -0.791971 0.647114 0.436735 -0.624905 0 0
-0.392979 2.29131 -0.770008 0.6947 -7.26163e-005 0.7193 0 0
-0.392979 2.29131 -0.770008 0 1 0 0 0
-0.392979 2.29131 -0.770008 -0.562885 0.622652 0.543567 0 0
-0.382686 2.29131 -0.779949 0.694682 -3.61455e-005 0.719317 0 0
-0.382686 2.29131 -0.779949 0.562894 0.622637 -0.543575 0 0
-0.382686 2.29131 -0.779949 0 1 0 0 0
-0.42881 2.24782 -0.782198 0 -1 0 0 0
-0.42881 2.24782 -0.782198 -0.694663 0 -0.719335 0 0
-0.42881 2.24782 -0.782198 -0.719344 0 0.694654 0 0
-0.393618 2.24782 -0.816183 0.719343 0 -0.694655 0 0
-0.393618 2.24782 -0.816183 0 -1 0 0 0
-0.393618 2.24782 -0.816183 -0.694663 0 -0.719335 0 0
-0.42881 2.26956 -0.782198 -0.64711 0.436747 0.6249 0 0
-0.42881 2.26956 -0.782198 -0.694652 -2.33251e-005 -0.719346 0 0
-0.393618 2.26956 -0.816183 0.701983 0.218368 -0.677891 0 0
-0.393618 2.26956 -0.816183 -0.694663 -8.50389e-007 -0.719335 0 0
-0.416361 2.29131 -0.794221 0 1 0 0 0
-0.416361 2.29131 -0.794221 -0.562885 0.622651 0.543568 0 0
-0.416361 2.29131 -0.794221 -0.694631 -6.74241e-005 -0.719366 0 0
-0.406067 2.29131 -0.804161 0.562894 0.622637 -0.543575 0 0
-0.406067 2.29131 -0.804161 0 1 0 0 0
-0.406067 2.29131 -0.804161 -0.694647 -3.49876e-005 -0.719351 0 0
-0.593346 2.24782 -0.424188 0.97815 0 0.207902 0 0
-0.593346 2.24782 -0.424188 0 -1 0 0 0
-0.593346 2.24782 -0.424188 -0.207906 0 0.978149 0 0
-0.583175 2.24782 -0.472041 0.97815 0 0.207902 0 0
-0.583175 2.24782 -0.472041 0.207906 0 -0.978149 0 0
-0.583175 2.24782 -0.472041 0 -1 0 0 0
-0.593346 2.26956 -0.424188 0.978149 6.27947e-007 0.207903 0 0
-0.593346 2.26956 -0.424188 -0.202888 0.218367 0.954543 0 0
-0.583175 2.26956 -0.472041 0.97815 -2.5961e-007 0.207902 0 0
-0.583175 2.26956 -0.472041 0.18703 0.436734 -0.879934 0 0
-0.589748 2.29131 -0.441116 0.978149 2.66267e-006 0.207905 0 0
-0.589748 2.29131 -0.441116 0 1 0 0 0
-0.589748 2.29131 -0.441116 -0.162689 0.622635 0.765414 0 0
-0.586773 2.29131 -0.455113 0.978149 9.41921e-007 0.207904 0 0
-0.586773 2.29131 -0.455113 0.162689 0.622635 -0.765414 0 0
-0.586773 2.29131 -0.455113 0 1 0 0 0
-0.62627 2.24782 -0.431186 0 -1 0 0 0
-0.62627 2.24782 -0.431186 -0.207906 0 0.978149 0 0
-0.62627 2.24782 -0.431186 -0.97815 0 -0.207902 0 0
-0.616099 2.24782 -0.479039 0.207906 0 -0.978149 0 0
-0.616099 2.24782 -0.479039 0 -1 0 0 0
-0.616099 2.24782 -0.479039 -0.97815 0 -0.207902 0 0
-0.62627 2.26956 -0.431186 -0.18703 0.436734 0.879934 0 0
-0.62627 2.26956 -0.431186 -0.978149 -6.27947e-007 -0.207903 0 0
-0.616099 2.26956 -0.479039 0.202888 0.218367 -0.954543 0 0
-0.616099 2.26956 -0.479039 -0.97815 2.5961e-007 -0.207902 0 0
-0.622672 2.29131 -0.448114 0 1 0 0 0
-0.622672 2.29131 -0.448114 -0.162689 0.622635 0.765414 0 0
-0.622672 2.29131 -0.448114 -0.978149 -2.66267e-006 -0.207905 0 0
-0.619697 2.29131 -0.462111 0.162689 0.622635 -0.765414 0 0
-0.619697 2.29131 -0.462111 0 1 0 0 0
-0.619697 2.29131 -0.462111 -0.978149 -9.41921e-007 -0.207904 0 0
-0.576537 2.24782 -0.503277 0.978145 0 0.207922 0 0
-0.576537 2.24782 -0.503277 0 -1 0 0 0
-0.576537 2.24782 -0.503277 -0.207906 0 0.978149 0 0
-0.566365 2.24782 -0.55113 0.978145 0 0.207922 0 0
-0.566365 2.24782 -0.55113 0.207935 0 -0.978143 0 0
-0.566365 2.24782 -0.55113 0 -1 0 0 0
-0.576537 2.26956 -0.503277 0.978147 8.55146e-006 0.207915 0 0
-0.576537 2.26956 -0.503277 -0.202888 0.218367 0.954543 0 0
-0.566365 2.26956 -0.55113 0.978145 9.52321e-006 0.207922 0 0
-0.566365 2.26956 -0.55113 0.187058 0.436736 -0.879927 0 0
-0.572939 2.29131 -0.520205 0.97815 -2.91526e-006 0.207901 0 0
-0.572939 2.29131 -0.520205 0 1 0 0 0
-0.572939 2.29131 -0.520205 -0.162691 0.622637 0.765411 0 0
-0.569964 2.29131 -0.534202 0.978148 1.28272e-005 0.207912 0 0
-0.569964 2.29131 -0.534202 0.162715 0.622639 -0.765404 0 0
-0.569964 2.29131 -0.534202 0 1 0 0 0
-0.609461 2.24782 -0.510275 0 -1 0 0 0
-0.609461 2.24782 -0.510275 -0.207906 0 0.978149 0 0
-0.609461 2.24782 -0.510275 -0.978146 0 -0.207918 0 0
-0.599289 2.24782 -0.558129 0.207935 0 -0.978143 0 0
-0.599289 2.24782 -0.558129 0 -1 0 0 0
-0.599289 2.24782 -0.558129 -0.978146 0 -0.207918 0 0
-0.609461 2.26956 -0.510275 -0.187032 0.436736 0.879932 0 0
-0.609461 2.26956 -0.510275 -0.978148 2.26164e-005 -0.207909 0 0
-0.599289 2.26956 -0.558129 0.202916 0.218367 -0.954537 0 0
-0.599289 2.26956 -0.558129 -0.978146 4.52442e-006 -0.207918 0 0
-0.605862 2.29131 -0.527203 0 1 0 0 0
-0.605862 2.29131 -0.527203 -0.162693 0.622639 0.765409 0 0
-0.605862 2.29131 -0.527203 -0.978152 5.42758e-005 -0.207891 0 0
-0.602887 2.29131 -0.541201 0.162713 0.622637 -0.765407 0 0
-0.602887 2.29131 -0.541201 0 1 0 0 0
-0.602887 2.29131 -0.541201 -0.978149 3.39245e-005 -0.207904 0 0
-0.558714 2.24782 -0.0952771 0.958818 0 -0.284021 0 0
-0.558714 2.24782 -0.0952771 0.284012 0 0.958821 0 0
-0.558714 2.24782 -0.0952771 0 -1 0 0 0
-0.572609 2.24782 -0.142185 0.958818 0 -0.284021 0 0
-0.572609 2.24782 -0.142185 0 -1 0 0 0
-0.572609 2.24782 -0.142185 -0.283996 0 -0.958825 0 0
-0.558714 2.26956 -0.0952771 0.958821 -1.15843e-005 -0.284012 0 0
-0.558714 2.26956 -0.0952771 0.277158 0.21837 0.935681 0 0
-0.572609 2.26956 -0.142185 0.958818 -1.23366e-005 -0.284021 0 0
-0.572609 2.26956 -0.142185 -0.255487 0.436738 -0.862546 0 0
-0.563629 2.29131 -0.111871 0.958826 2.25689e-006 -0.283995 0 0
-0.563629 2.29131 -0.111871 0.222247 0.622638 0.750286 0 0
-0.563629 2.29131 -0.111871 0 1 0 0 0
-0.567693 2.29131 -0.125592 0.958822 -1.73765e-005 -0.284008 0 0
-0.567693 2.29131 -0.125592 0 1 0 0 0
-0.567693 2.29131 -0.125592 -0.222253 0.62263 -0.750291 0 0
-0.590987 2.24782 -0.0857175 0.284012 0 0.958821 0 0
-0.590987 2.24782 -0.0857175 0 -1 0 0 0
-0.590987 2.24782 -0.0857175 -0.95882 0 0.284016 0 0
-0.604882 2.24782 -0.132626 0 -1 0 0 0
-0.604882 2.24782 -0.132626 -0.283996 0 -0.958825 0 0
-0.604882 2.24782 -0.132626 -0.95882 0 0.284016 0 0
-0.590987 2.26956 -0.0857175 0.255497 0.436736 0.862544 0 0
-0.590987 2.26956 -0.0857175 -0.958822 5.72072e-006 0.284008 0 0
-0.604882 2.26956 -0.132626 -0.277142 0.218373 -0.935684 0 0
-0.604882 2.26956 -0.132626 -0.95882 9.25094e-006 0.284016 0 0
-0.595902 2.29131 -0.102311 0.222252 0.622634 0.750288 0 0
-0.595902 2.29131 -0.102311 0 1 0 0 0
-0.595902 2.29131 -0.102311 -0.958827 -1.05907e-005 0.283991 0 0
-0.599966 2.29131 -0.116032 0 1 0 0 0
-0.599966 2.29131 -0.116032 -0.22224 0.62264 -0.750286 0 0
-0.599966 2.29131 -0.116032 -0.958823 8.58107e-006 0.284004 0 0
-0.581679 2.24782 -0.172803 0.958818 0 -0.28402 0 0
-0.581679 2.24782 -0.172803 0.283996 0 0.958825 0 0
-0.581679 2.24782 -0.172803 0 -1 0 0 0
-0.595574 2.24782 -0.219711 0.958818 0 -0.28402 0 0
-0.595574 2.24782 -0.219711 0 -1 0 0 0
-0.595574 2.24782 -0.219711 -0.284024 0 -0.958817 0 0
-0.581679 2.26956 -0.172803 0.958816 -5.64272e-006 -0.284027 0 0
-0.581679 2.26956 -0.172803 0.277143 0.218362 0.935687 0 0
-0.595574 2.26956 -0.219711 0.958818 2.39247e-006 -0.28402 0 0
-0.595574 2.26956 -0.219711 -0.255506 0.436725 -0.862547 0 0
-0.586594 2.29131 -0.189396 0.958812 -2.41056e-005 -0.284041 0 0
-0.586594 2.29131 -0.189396 0.222233 0.622623 0.750302 0 0
-0.586594 2.29131 -0.189396 0 1 0 0 0
-0.590659 2.29131 -0.203118 0.958815 -8.46409e-006 -0.28403 0 0
-0.590659 2.29131 -0.203118 0 1 0 0 0
-0.590659 2.29131 -0.203118 -0.222255 0.622623 -0.750295 0 0
-0.613952 2.24782 -0.163244 0.283996 0 0.958825 0 0
-0.613952 2.24782 -0.163244 0 -1 0 0 0
-0.613952 2.24782 -0.163244 -0.958817 0 0.284026 0 0
-0.627847 2.24782 -0.210151 0 -1 0 0 0
-0.627847 2.24782 -0.210151 -0.284024 0 -0.958817 0 0
-0.627847 2.24782 -0.210151 -0.958817 0 0.284026 0 0
-0.613952 2.26956 -0.163244 0.255482 0.436725 0.862555 0 0
-0.613952 2.26956 -0.163244 -0.958813 9.50444e-006 0.284037 0 0
-0.627847 2.26956 -0.210151 -0.27717 0.218362 -0.935679 0 0
-0.627847 2.26956 -0.210151 -0.958817 -3.92974e-006 0.284026 0 0
-0.618867 2.29131 -0.179837 0.222233 0.622623 0.750302 0 0
-0.618867 2.29131 -0.179837 0 1 0 0 0
-0.618867 2.29131 -0.179837 -0.958807 4.03025e-005 0.28406 0 0
-0.622932 2.29131 -0.193558 0 1 0 0 0
-0.622932 2.29131 -0.193558 -0.222255 0.622623 -0.750295 0 0
-0.622932 2.29131 -0.193558 -0.958812 1.42567e-005 0.284043 0 0
-0.372612 2.24782 0.152317 0.743141 0 0.669135 0 0
-0.372612 2.24782 0.152317 0.669119 0 -0.743155 0 0
-0.372612 2.24782 0.152317 0 -1 0 0 0
-0.408969 2.24782 0.119582 0.669119 0 -0.743155 0 0
-0.408969 2.24782 0.119582 0 -1 0 0 0
-0.408969 2.24782 0.119582 -0.743156 0 -0.669119 0 0
-0.372612 2.26956 0.152317 0.725206 0.218367 0.652987 0 0
-0.372612 2.26956 0.152317 0.669137 -2.3327e-006 -0.743139 0 0
-0.408969 2.26956 0.119582 0.669119 -1.89137e-005 -0.743155 0 0
-0.408969 2.26956 0.119582 -0.668534 0.436728 -0.60194 0 0
-0.385473 2.29131 0.140737 0.669174 4.9743e-005 -0.743106 0 0
-0.385473 2.29131 0.140737 0.581508 0.622641 0.523609 0 0
-0.385473 2.29131 0.140737 0 1 0 0 0
-0.396107 2.29131 0.131161 0.669147 -3.49904e-006 -0.743131 0 0
-0.396107 2.29131 0.131161 0 1 0 0 0
-0.396107 2.29131 0.131161 -0.581516 0.622636 -0.523606 0 0
-0.395135 2.24782 0.177331 0.743141 0 0.669135 0 0
-0.395135 2.24782 0.177331 0 -1 0 0 0
-0.395135 2.24782 0.177331 -0.66913 0 0.743146 0 0
-0.431491 2.24782 0.144596 0 -1 0 0 0
-0.431491 2.24782 0.144596 -0.66913 0 0.743146 0 0
-0.431491 2.24782 0.144596 -0.743156 0 -0.669119 0 0
-0.395135 2.26956 0.177331 0.668517 0.436739 0.60195 0 0
-0.395135 2.26956 0.177331 -0.669131 2.08034e-005 0.743144 0 0
-0.431491 2.26956 0.144596 -0.66913 1.18928e-005 0.743146 0 0
-0.431491 2.26956 0.144596 -0.725222 0.218361 -0.652972 0 0
-0.407996 2.29131 0.16575 0.581498 0.622649 0.523611 0 0
-0.407996 2.29131 0.16575 0 1 0 0 0
-0.407996 2.29131 0.16575 -0.669134 2.67316e-005 0.743142 0 0
-0.41863 2.29131 0.156175 0 1 0 0 0
-0.41863 2.29131 0.156175 -0.581527 0.622627 -0.523604 0 0
-0.41863 2.29131 0.156175 -0.669132 3.1205e-005 0.743144 0 0
-0.4327 2.24782 0.0982156 0.743133 0 0.669144 0 0
-0.4327 2.24782 0.0982156 0 -1 0 0 0
-0.469057 2.24782 0.0654792 0.669145 0 -0.743132 0 0
-0.469057 2.24782 0.0654792 0 -1 0 0 0
-0.469057 2.24782 0.0654792 -0.74314 0 -0.669136 0 0
-0.4327 2.26956 0.0982156 0.725197 0.218377 0.652994 0 0
-0.469057 2.26956 0.0654792 0.669145 1.81098e-006 -0.743132 0 0
-0.469057 2.26956 0.0654792 -0.66852 0.436742 -0.601945 0 0
-0.445562 2.29131 0.0866349 0.669134 -1.65489e-005 -0.743142 0 0
-0.445562 2.29131 0.0866349 0.581513 0.622647 0.523597 0 0
-0.445562 2.29131 0.0866349 0 1 0 0 0
-0.456196 2.29131 0.0770599 0.66914 -5.55796e-006 -0.743137 0 0
-0.456196 2.29131 0.0770599 0 1 0 0 0
-0.456196 2.29131 0.0770599 -0.581513 0.622644 -0.523601 0 0
-0.455223 2.24782 0.123229 0.743133 0 0.669144 0 0
-0.455223 2.24782 0.123229 0 -1 0 0 0
-0.455223 2.24782 0.123229 -0.669128 0 0.743147 0 0
-0.49158 2.24782 0.0904932 0 -1 0 0 0
-0.49158 2.24782 0.0904932 -0.669128 0 0.743147 0 0
-0.49158 2.24782 0.0904932 -0.74314 0 -0.669136 0 0
-0.455223 2.26956 0.123229 0.668518 0.436744 0.601946 0 0
-0.455223 2.26956 0.123229 -0.669119 8.88267e-007 0.743155 0 0
-0.49158 2.26956 0.0904932 -0.669128 -8.661e-006 0.743147 0 0
-0.49158 2.26956 0.0904932 -0.725205 0.218371 -0.652987 0 0
-0.468084 2.29131 0.111649 0.58153 0.622634 0.523593 0 0
-0.468084 2.29131 0.111649 0 1 0 0 0
-0.468084 2.29131 0.111649 -0.6691 2.86478e-005 0.743172 0 0
-0.478719 2.29131 0.102074 0 1 0 0 0
-0.478719 2.29131 0.102074 -0.581511 0.622645 -0.523601 0 0
-0.478719 2.29131 0.102074 -0.669114 1.3324e-006 0.74316 0 0
-0.0850511 2.24782 0.27045 0.970296 0 0.24192 0 0
-0.0850511 2.24782 0.27045 0.241911 0 -0.970299 0 0
-0.0850511 2.24782 0.27045 0 -1 0 0 0
-0.132521 2.24782 0.258615 0.241911 0 -0.970299 0 0
-0.132521 2.24782 0.258615 0 -1 0 0 0
-0.132521 2.24782 0.258615 -0.970295 0 -0.241927 0 0
-0.0850511 2.26956 0.27045 0.94688 0.218364 0.236082 0 0
-0.0850511 2.26956 0.27045 0.241911 1.44117e-005 -0.970299 0 0
-0.132521 2.26956 0.258615 0.241911 7.45207e-006 -0.970298 0 0
-0.132521 2.26956 0.258615 -0.87287 0.436731 -0.217634 0 0
-0.101843 2.29131 0.266264 0.759272 0.622629 0.18931 0 0
-0.101843 2.29131 0.266264 0.24191 2.08789e-005 -0.970299 0 0
-0.101843 2.29131 0.266264 0 1 0 0 0
-0.115729 2.29131 0.262801 0 1 0 0 0
-0.115729 2.29131 0.262801 -0.759273 0.622629 -0.189307 0 0
-0.0931941 2.24782 0.30311 0.970296 0 0.24192 0 0
-0.0931941 2.24782 0.30311 0 -1 0 0 0
-0.0931941 2.24782 0.30311 -0.24193 0 0.970294 0 0
-0.140664 2.24782 0.291274 0 -1 0 0 0
-0.140664 2.24782 0.291274 -0.24193 0 0.970294 0 0
-0.140664 2.24782 0.291274 -0.970295 0 -0.241927 0 0
-0.0931941 2.26956 0.30311 0.872871 0.43673 0.217632 0 0
-0.0931941 2.26956 0.30311 -0.241923 6.25496e-006 0.970295 0 0
-0.140664 2.26956 0.291274 -0.24193 -1.85336e-006 0.970294 0 0
